MD        Inc       Azim      TVD       X_Offset_EW  Y_Offset_NS  X_COORD         Y_COORD         DLS
m RKB     deg       deg       m RKB     m               m               m               m               deg/30m
145.90    0.00      0.00      145.90    -3.534          3.165           435046.488      6478566.687     0.00      
150.15    0.00      0.00      150.15    -3.534          3.165           435046.488      6478566.687     0.00      
160.45    0.00      0.00      160.45    -3.534          3.165           435046.488      6478566.687     0.00      
170.04    0.00      0.00      170.04    -3.534          3.165           435046.488      6478566.687     0.00      
179.79    0.00      0.00      179.79    -3.534          3.165           435046.488      6478566.687     0.00      
189.74    0.00      0.00      189.74    -3.534          3.165           435046.488      6478566.687     0.00      
198.50    0.00      0.00      198.50    -3.534          3.165           435046.488      6478566.687     0.00      
210.70    0.00      0.00      210.70    -3.534          3.165           435046.488      6478566.687     0.00      
237.60    1.84      302.24    237.60    -3.899          3.396           435046.123      6478566.917     2.05      
251.10    1.91      304.70    251.09    -4.268          3.639           435045.755      6478567.161     0.24      
264.90    2.47      305.76    264.88    -4.698          3.944           435045.324      6478567.466     1.22      
279.20    2.05      306.81    279.17    -5.153          4.277           435044.870      6478567.799     0.89      
292.70    1.80      304.00    292.66    -5.522          4.540           435044.501      6478568.062     0.59      
302.80    1.13      330.72    302.76    -5.702          4.716           435044.321      6478568.237     2.79      
315.50    1.41      333.18    315.45    -5.834          4.965           435044.189      6478568.486     0.67      
332.20    2.40      314.19    332.14    -6.177          5.392           435043.846      6478568.913     2.09      
342.20    2.78      301.18    342.13    -6.535          5.663           435043.488      6478569.184     2.09      
358.50    3.30      293.10    358.41    -7.305          6.052           435042.719      6478569.573     1.24      
378.00    3.07      298.60    377.88    -8.279          6.522           435041.744      6478570.043     0.59      
414.80    3.30      293.64    414.62    -10.115         7.419           435039.909      6478570.939     0.29      
455.40    3.07      292.72    455.16    -12.188         8.307           435037.837      6478571.827     0.17      
495.40    2.84      290.41    495.11    -14.105         9.066           435035.921      6478572.586     0.19      
535.60    2.77      293.07    535.26    -15.932         9.794           435034.094      6478573.314     0.11      
575.80    3.06      287.04    575.41    -17.852         10.489          435032.175      6478574.009     0.31      
616.50    4.01      305.32    616.03    -20.052         11.631          435029.976      6478575.149     1.08      
656.80    6.13      317.80    656.17    -22.647         14.040          435027.382      6478577.558     1.77      
697.10    8.24      324.71    696.15    -25.761         17.991          435024.269      6478581.508     1.69      
720.00    9.57      322.37    718.78    -27.872         20.838          435022.159      6478584.354     1.81      
737.40    10.71     320.81    735.91    -29.776         23.237          435020.255      6478586.752     2.02      
756.80    10.39     320.18    754.98    -32.036         25.978          435017.996      6478589.492     0.53      
798.90    9.88      320.50    796.42    -36.764         31.681          435013.270      6478595.193     0.37      
838.30    10.04     315.72    835.23    -41.312         36.748          435008.723      6478600.258     0.64      
868.00    11.16     309.73    864.42    -45.330         40.439          435004.706      6478603.948     1.59      
878.20    11.28     310.41    874.43    -46.849         41.716          435003.188      6478605.225     0.53      
918.00    10.70     315.76    913.50    -52.391         46.887          434997.648      6478610.394     0.88      
999.00    8.88      319.88    993.32    -61.666         57.056          434988.376      6478620.559     0.72      
1079.80   9.07      320.34    1073.13   -69.750         66.728          434980.295      6478630.227     0.08      
1120.40   11.38     312.16    1113.08   -74.762         71.881          434975.285      6478635.379     2.01      
1160.80   11.86     307.61    1152.65   -81.006         77.090          434969.043      6478640.586     0.77      
1201.00   11.69     307.74    1192.01   -87.499         82.103          434962.553      6478645.598     0.13      
1241.40   12.44     309.36    1231.51   -94.100         87.368          434955.954      6478650.861     0.61      
1281.80   12.06     309.62    1270.99   -100.715        92.819          434949.341      6478656.310     0.29      
1322.40   10.85     310.25    1310.79   -106.899        97.993          434943.159      6478661.482     0.90      
1335.60   10.17     309.34    1323.76   -108.749        99.535          434941.310      6478663.023     1.59      
1388.70   9.03      293.00    1376.13   -116.212        104.136         434933.849      6478667.622     1.66      
1468.00   15.99     273.27    1453.53   -132.872        107.195         434917.195      6478670.681     3.05      
1509.10   17.10     272.45    1492.93   -144.562        107.777         434905.510      6478671.262     0.83      
1547.40   17.12     261.15    1529.54   -155.761        107.150         434894.315      6478670.636     2.60      
1588.80   18.12     249.89    1569.01   -167.831        103.998         434882.249      6478667.485     2.57      
1627.20   19.44     243.03    1605.37   -179.135        99.046          434870.948      6478662.534     2.01      
1669.40   20.97     234.67    1644.98   -191.558        91.492          434858.530      6478654.983     2.32      
1710.10   20.97     231.97    1682.99   -203.236        82.794          434846.855      6478646.288     0.71      
1751.30   20.98     232.49    1721.46   -214.894        73.761          434835.202      6478637.258     0.14      
1791.00   21.01     231.04    1758.52   -226.066        64.958          434824.034      6478628.459     0.39      
1833.50   21.06     229.16    1798.19   -237.767        55.174          434812.336      6478618.678     0.48      
1873.20   20.99     230.48    1835.25   -248.649        45.985          434801.459      6478609.492     0.36      
1913.90   20.99     232.25    1873.25   -260.036        36.883          434790.076      6478600.393     0.47      
1952.50   21.02     234.84    1909.28   -271.162        28.664          434778.953      6478592.177     0.72      
2032.90   21.59     231.88    1984.19   -294.589        11.228          434755.535      6478574.747     0.45      
2073.60   21.61     231.81    2022.03   -306.370        1.972           434743.757      6478565.495     0.02      
2115.30   20.99     231.93    2060.88   -318.285        -7.381          434731.847      6478556.145     0.45      
2155.10   17.84     234.16    2098.42   -328.842        -15.348         434721.293      6478548.180     2.44      
2195.50   14.86     235.78    2137.18   -338.144        -21.886         434711.994      6478541.644     2.24      
2235.00   11.48     240.64    2175.64   -345.761        -26.664         434704.380      6478536.869     2.70      
2275.50   7.80      249.10    2215.56   -351.843        -29.621         434698.300      6478533.912     2.91      
2316.10   5.19      266.14    2255.90   -356.250        -30.728         434693.894      6478532.806     2.38      
2356.10   3.96      307.43    2295.78   -359.153        -30.010         434690.993      6478533.523     2.57      
2397.10   4.71      2.44      2336.68   -360.206        -27.467         434689.940      6478536.066     2.97      
2437.60   7.62      20.98     2376.94   -359.174        -23.297         434690.972      6478540.234     2.59      
2477.80   11.51     27.03     2416.58   -356.396        -17.233         434693.749      6478546.296     2.99      
2501.10   13.26     29.06     2439.34   -354.041        -12.826         434696.103      6478550.701     2.32      
2548.10   16.86     33.41     2484.72   -347.668        -2.421          434702.474      6478561.102     2.41      
2588.80   20.69     35.44     2523.24   -340.246        8.367           434709.894      6478571.887     2.86      
2629.10   23.86     36.02     2560.53   -331.322        20.763          434718.814      6478584.279     2.37      
2668.70   27.33     36.53     2596.24   -321.198        34.550          434728.935      6478598.061     2.63      
2710.30   30.66     36.83     2632.62   -309.152        50.718          434740.976      6478614.223     2.40      
2750.70   33.68     37.05     2666.81   -296.225        67.907          434753.899      6478631.407     2.24      
2790.80   37.44     37.39     2699.43   -282.119        86.472          434768.000      6478649.965     2.82      
2830.90   41.47     37.47     2730.39   -266.634        106.703         434783.480      6478670.189     3.02      
2870.80   44.49     38.12     2759.57   -249.962        128.193         434800.146      6478691.671     2.29      
2911.10   48.30     38.95     2787.36   -231.781        151.011         434818.321      6478714.481     2.87      
2951.30   51.15     39.44     2813.35   -212.398        174.776         434837.697      6478738.238     2.15      
2991.70   54.13     39.39     2837.86   -192.012        199.582         434858.076      6478763.035     2.21      
3032.10   57.66     40.25     2860.51   -170.590        225.267         434879.490      6478788.711     2.67      
3071.30   60.97     40.46     2880.51   -148.763        250.952         434901.309      6478814.388     2.54      
3100.80   62.87     40.45     2894.40   -131.876        270.756         434918.191      6478834.185     1.93      
3141.10   66.74     40.30     2911.55   -108.259        298.532         434941.800      6478861.951     2.88      
3181.80   70.77     40.50     2926.29   -83.678         327.414         434966.372      6478890.822     2.97      
3221.70   75.83     40.95     2937.76   -58.750         356.366         434991.291      6478919.764     3.82      
3262.00   79.57     40.62     2946.34   -33.035         386.174         435016.998      6478949.563     2.79      
3302.20   82.18     40.33     2952.71   -7.273          416.364         435042.750      6478979.742     1.96      
3342.40   84.06     39.77     2957.53   18.406          446.914         435068.420      6479010.281     1.46      
3382.90   83.37     39.94     2961.96   44.204          477.818         435094.210      6479041.174     0.53      
3423.40   81.81     39.41     2967.19   69.844          508.728         435119.841      6479072.074     1.22      
3464.20   78.33     40.11     2974.22   95.543          539.618         435145.530      6479102.953     2.61      
3504.00   77.54     40.24     2982.54   120.651         569.356         435170.630      6479132.681     0.60      
3544.40   77.09     40.50     2991.41   146.180         599.385         435196.150      6479162.699     0.38      
3585.20   74.13     41.17     3001.55   172.017         629.283         435221.978      6479192.587     2.23      
3625.50   69.54     40.96     3014.11   197.166         658.145         435247.118      6479221.439     3.42      
3666.00   65.98     41.60     3029.44   221.891         686.314         435271.835      6479249.598     2.67      
3706.60   67.37     43.50     3045.51   247.103         713.774         435297.038      6479277.049     1.65      
3745.90   70.53     46.54     3059.63   273.047         739.686         435322.973      6479302.951     3.24      
3786.50   71.07     47.83     3072.98   301.172         765.743         435351.088      6479328.999     0.98      
3826.80   71.06     50.67     3086.06   330.046         790.622         435379.952      6479353.870     2.00      
3866.80   69.52     52.20     3099.55   359.486         814.098         435409.382      6479377.337     1.58      
3907.40   69.07     53.30     3113.91   389.716         837.085         435439.601      6479400.317     0.83      
3947.80   69.09     55.53     3128.33   420.403         859.043         435470.277      6479422.267     1.55      
3987.90   69.09     56.45     3142.65   451.454         879.995         435501.318      6479443.212     0.64      
4028.00   69.15     56.90     3156.94   482.760         900.579         435532.612      6479463.788     0.32      
4069.20   69.11     57.78     3171.62   515.169         921.353         435565.011      6479484.555     0.60      
4079.20   69.09     57.67     3175.18   523.068         926.342         435572.907      6479489.542     0.31      
4094.00   69.09     57.67     3180.47   534.750         933.736         435584.585      6479496.933     0.00      