MD        Inc       Azim      TVD       X_Offset_EW  Y_Offset_NS  X_COORD        Y_COORD         DLS
m RKB     deg       deg       m RKB     m               m               m               m               deg/30m
145.90    0.00      0.00      145.90    -3.534          3.165           435046.488      6478566.687     0.00      
150.15    0.00      0.00      150.15    -3.534          3.165           435046.488      6478566.687     0.00      
160.45    0.00      0.00      160.45    -3.534          3.165           435046.488      6478566.687     0.00      
170.04    0.00      0.00      170.04    -3.534          3.165           435046.488      6478566.687     0.00      
179.79    0.00      0.00      179.79    -3.534          3.165           435046.488      6478566.687     0.00      
189.74    0.00      0.00      189.74    -3.534          3.165           435046.488      6478566.687     0.00      
198.50    0.00      0.00      198.50    -3.534          3.165           435046.488      6478566.687     0.00      
210.70    0.00      0.00      210.70    -3.534          3.165           435046.488      6478566.687     0.00      
237.60    1.84      302.24    237.60    -3.899          3.396           435046.123      6478566.917     2.05      
251.10    1.91      304.70    251.09    -4.268          3.639           435045.755      6478567.161     0.24      
264.90    2.47      305.76    264.88    -4.698          3.944           435045.324      6478567.466     1.22      
279.20    2.05      306.81    279.17    -5.153          4.277           435044.870      6478567.799     0.89      
292.70    1.80      304.00    292.66    -5.522          4.540           435044.501      6478568.062     0.59      
302.80    1.13      330.72    302.76    -5.702          4.716           435044.321      6478568.237     2.79      
315.50    1.41      333.18    315.45    -5.834          4.965           435044.189      6478568.486     0.67      
332.20    2.40      314.19    332.14    -6.177          5.392           435043.846      6478568.913     2.09      
342.20    2.78      301.18    342.13    -6.535          5.663           435043.488      6478569.184     2.09      
358.50    3.30      293.10    358.41    -7.305          6.052           435042.719      6478569.573     1.24      
378.00    3.07      298.60    377.88    -8.279          6.522           435041.744      6478570.043     0.59      
414.80    3.30      293.64    414.62    -10.115         7.419           435039.909      6478570.939     0.29      
455.40    3.07      292.72    455.16    -12.188         8.307           435037.837      6478571.827     0.17      
495.40    2.84      290.41    495.11    -14.105         9.066           435035.921      6478572.586     0.19      
535.60    2.77      293.07    535.26    -15.932         9.794           435034.094      6478573.314     0.11      
575.80    3.06      287.04    575.41    -17.852         10.489          435032.175      6478574.009     0.31      
616.50    4.01      305.32    616.03    -20.052         11.631          435029.976      6478575.149     1.08      
656.80    6.13      317.80    656.17    -22.647         14.040          435027.382      6478577.558     1.77      
697.10    8.24      324.71    696.15    -25.761         17.991          435024.269      6478581.508     1.69      
720.00    9.57      322.37    718.78    -27.872         20.838          435022.159      6478584.354     1.81      
737.40    10.71     320.81    735.91    -29.776         23.237          435020.255      6478586.752     2.02      
756.80    10.39     320.18    754.98    -32.036         25.978          435017.996      6478589.492     0.53      
798.90    9.88      320.50    796.42    -36.764         31.681          435013.270      6478595.193     0.37      
838.30    10.04     315.72    835.23    -41.312         36.748          435008.723      6478600.258     0.64      
868.00    11.16     309.73    864.42    -45.330         40.439          435004.706      6478603.948     1.59      
878.20    11.28     310.41    874.43    -46.849         41.716          435003.188      6478605.225     0.53      
918.00    10.70     315.76    913.50    -52.391         46.887          434997.648      6478610.394     0.88      
999.00    8.88      319.88    993.32    -61.666         57.056          434988.376      6478620.559     0.72      
1079.80   9.07      320.34    1073.13   -69.750         66.728          434980.295      6478630.227     0.08      
1120.40   11.38     312.16    1113.08   -74.762         71.881          434975.285      6478635.379     2.01      
1160.80   11.86     307.61    1152.65   -81.006         77.090          434969.043      6478640.586     0.77      
1201.00   11.69     307.74    1192.01   -87.499         82.103          434962.553      6478645.598     0.13      
1241.40   12.44     309.36    1231.51   -94.100         87.368          434955.954      6478650.861     0.61      
1281.80   12.06     309.62    1270.99   -100.715        92.819          434949.341      6478656.310     0.29      
1322.40   10.85     310.25    1310.79   -106.899        97.993          434943.159      6478661.482     0.90      
1335.60   10.17     309.34    1323.76   -108.749        99.535          434941.310      6478663.023     1.59      
1387.10   7.66      329.93    1374.65   -113.987        105.390         434936.073      6478668.876     2.34      
1428.00   10.47     345.74    1415.04   -116.269        111.353         434933.792      6478674.837     2.74      
1468.30   12.18     6.35      1454.57   -116.701        119.130         434933.360      6478682.612     3.25      
1508.70   13.62     22.56     1493.96   -114.404        127.762         434935.657      6478691.241     2.88      
1551.30   15.49     29.92     1535.20   -109.641        137.326         434940.418      6478700.801     1.85      
1589.10   17.80     32.61     1571.41   -104.009        146.569         434946.048      6478710.041     1.93      
1629.50   20.24     33.68     1609.60   -96.805         157.588         434953.250      6478721.056     1.83      
1663.40   23.45     33.72     1641.07   -89.807         168.081         434960.246      6478731.545     2.84      
1710.40   26.64     33.77     1683.64   -78.755         184.623         434971.293      6478748.081     2.04      
1750.30   29.38     36.44     1718.87   -67.967         199.936         434982.078      6478763.389     2.27      
1790.40   29.98     36.55     1753.70   -56.158         215.898         434993.883      6478779.346     0.45      
1831.10   30.06     36.61     1788.94   -44.023         232.249         435006.014      6478795.691     0.06      
1871.10   30.03     36.77     1823.57   -32.057         248.309         435017.975      6478811.745     0.06      
1911.60   29.86     35.39     1858.66   -20.151         264.646         435029.877      6478828.077     0.53      
1952.20   29.78     34.81     1893.89   -8.542          281.164         435041.482      6478844.589     0.22      
1992.80   29.92     35.24     1929.10   3.056           297.712         435053.076      6478861.131     0.19      
2027.30   29.89     35.13     1959.01   12.967          311.770         435062.983      6478875.184     0.05      
2066.30   29.92     34.80     1992.82   24.110          327.704         435074.122      6478891.113     0.13      
2113.70   29.80     35.71     2033.92   37.731          346.975         435087.739      6478910.377     0.30      
2154.70   29.85     34.79     2069.49   49.500          363.627         435099.503      6478927.024     0.34      
2194.30   29.84     36.98     2103.84   61.049          379.591         435111.049      6478942.982     0.83      
2234.70   29.79     38.27     2138.89   73.311          395.500         435123.307      6478958.885     0.48      
2275.10   30.01     37.36     2173.92   85.658          411.410         435135.649      6478974.789     0.37      
2305.90   29.96     35.61     2200.60   94.810          423.784         435144.798      6478987.160     0.85      
2396.50   30.06     35.35     2279.05   121.111         460.684         435171.090      6479024.047     0.05      
2436.70   30.19     35.59     2313.82   132.819         477.116         435182.793      6479040.473     0.13      
2470.80   30.22     36.84     2343.29   142.954         490.956         435192.925      6479054.308     0.55      
2517.20   30.25     36.59     2383.38   156.922         509.686         435206.888      6479073.031     0.08      
2557.90   30.19     34.71     2418.55   168.861         526.330         435218.823      6479089.669     0.70      
2587.00   30.19     33.06     2443.70   177.018         538.477         435226.978      6479101.812     0.86      
2653.20   27.05     19.76     2501.87   191.206         566.629         435241.160      6479129.955     3.21      
2693.70   26.44     14.67     2538.04   196.603         584.021         435246.556      6479147.341     1.76      
2733.90   26.47     6.38      2574.04   199.866         601.589         435249.818      6479164.902     2.75      
2774.30   26.45     356.36    2610.23   200.296         619.525         435250.247      6479182.832     3.31      
2814.80   26.44     349.52    2646.50   198.083         637.397         435248.035      6479200.698     2.26      
2855.30   26.84     342.30    2682.71   193.662         654.978         435243.615      6479218.273     2.41      
2895.10   29.13     334.29    2717.86   186.724         672.274         435236.680      6479235.563     3.31      
2935.60   30.82     327.98    2752.95   176.944         689.958         435226.903      6479253.241     2.65      
2975.90   33.73     322.90    2787.03   164.716         707.642         435214.679      6479270.919     2.96      
3016.30   36.82     316.60    2820.02   149.623         725.395         435199.592      6479288.665     3.54      
3056.60   38.42     310.99    2851.95   131.868         742.388         435181.843      6479305.653     2.81      
3097.10   40.86     304.69    2883.15   111.465         758.191         435161.447      6479321.450     3.48      
3136.90   45.54     301.79    2912.15   88.673          773.093         435138.663      6479336.346     3.83      
3177.30   49.50     301.46    2939.43   63.306          788.711         435113.305      6479351.959     2.95      
3217.80   44.76     301.22    2966.98   37.963          804.147         435087.970      6479367.389     3.51      
3257.90   40.65     301.61    2996.44   14.756          818.316         435064.771      6479381.554     3.08      
3298.50   36.47     301.87    3028.18   -6.763          831.624         435043.260      6479394.858     3.09      
3338.70   32.86     302.97    3061.24   -26.066         843.872         435023.964      6479407.101     2.73      
3379.00   28.30     302.94    3095.93   -43.265         855.022         435006.771      6479418.247     3.39      
3419.20   23.61     303.38    3132.06   -57.992         864.638         434992.049      6479427.860     3.50      
3459.70   21.06     302.82    3169.52   -70.882         873.046         434979.163      6479436.265     1.90      
3499.90   21.06     301.73    3207.03   -83.095         880.759         434966.954      6479443.975     0.29      
3540.50   21.02     301.56    3244.93   -95.504         888.407         434954.550      6479451.620     0.05      
3580.50   20.88     301.96    3282.28   -107.665        895.935         434942.393      6479459.145     0.15      
3620.30   20.89     302.46    3319.47   -119.670        903.497         434930.393      6479466.706     0.13      
3632.00   20.89     302.46    3330.40   -123.190        905.736         434926.874      6479468.944     0.00      
