MD        Inc       Azim      TVD       X_Offset_EW  Y_Offset_NS  UTM_EW         UTM_NS         DLS
m RKB     deg       deg       m RKB     m               m               m               m               deg/30m
145.90    0.00      0.00      145.90    2.228           -3.911          435052.248      6478559.613     0.00      
150.00    0.02      28.15     150.00    2.229           -3.911          435052.249      6478559.614     0.15      
160.00    0.05      27.73     160.00    2.232           -3.905          435052.252      6478559.619     0.09      
170.00    0.04      30.13     170.00    2.235           -3.898          435052.255      6478559.626     0.03      
180.00    0.03      35.69     180.00    2.239           -3.893          435052.259      6478559.631     0.03      
190.00    0.04      31.77     190.00    2.242           -3.888          435052.262      6478559.636     0.03      
200.00    0.04      37.25     200.00    2.246           -3.882          435052.266      6478559.642     0.01      
210.00    0.06      67.69     210.00    2.253           -3.878          435052.273      6478559.647     0.10      
220.00    0.14      85.78     220.00    2.270           -3.875          435052.290      6478559.650     0.26      
230.00    0.20      111.58    230.00    2.298           -3.880          435052.318      6478559.644     0.29      
240.00    0.27      125.12    240.00    2.334           -3.900          435052.354      6478559.624     0.27      
250.00    0.28      127.84    250.00    2.372           -3.929          435052.392      6478559.596     0.05      
260.00    0.28      131.59    260.00    2.410           -3.960          435052.430      6478559.564     0.05      
270.00    0.30      129.68    270.00    2.448           -3.993          435052.468      6478559.531     0.07      
280.00    0.31      129.81    280.00    2.489           -4.027          435052.509      6478559.497     0.03      
290.00    0.34      129.07    290.00    2.533           -4.063          435052.553      6478559.461     0.09      
300.00    0.41      128.66    300.00    2.584           -4.104          435052.604      6478559.420     0.21      
310.00    0.55      123.69    310.00    2.652           -4.153          435052.672      6478559.371     0.44      
320.00    0.84      119.22    320.00    2.756           -4.215          435052.776      6478559.309     0.88      
330.00    1.20      117.73    330.00    2.913           -4.300          435052.932      6478559.225     1.08      
340.00    1.54      116.39    339.99    3.126           -4.408          435053.145      6478559.116     1.02      
350.00    2.10      114.55    349.99    3.413           -4.544          435053.432      6478558.980     1.69      
360.00    2.64      117.59    359.98    3.783           -4.727          435053.803      6478558.798     1.66      
370.00    2.89      119.53    369.97    4.207           -4.958          435054.226      6478558.567     0.80      
380.00    3.46      117.59    379.95    4.694           -5.222          435054.713      6478558.303     1.74      
390.00    4.06      115.82    389.93    5.280           -5.516          435055.299      6478558.009     1.83      
400.00    4.32      115.51    399.90    5.938           -5.832          435055.957      6478557.693     0.78      
410.00    4.53      115.75    409.87    6.634           -6.166          435056.653      6478557.359     0.63      
420.00    4.78      116.07    419.84    7.364           -6.521          435057.382      6478557.004     0.75      
430.00    4.98      115.78    429.81    8.129           -6.893          435058.147      6478556.633     0.60      
440.00    5.08      115.36    439.77    8.920           -7.271          435058.938      6478556.254     0.32      
450.00    5.39      115.50    449.73    9.744           -7.663          435059.761      6478555.863     0.93      
460.00    5.79      115.11    459.68    10.625          -8.079          435060.642      6478555.447     1.21      
470.00    6.04      114.60    469.62    11.560          -8.512          435061.577      6478555.014     0.77      
480.00    6.31      114.83    479.57    12.537          -8.962          435062.553      6478554.564     0.81      
490.00    6.62      114.05    489.50    13.562          -9.428          435063.578      6478554.099     0.97      
500.00    6.99      113.89    499.43    14.645          -9.909          435064.660      6478553.617     1.11      
510.00    7.14      114.00    509.36    15.769          -10.408         435065.784      6478553.118     0.45      
520.00    7.38      113.71    519.28    16.925          -10.919         435066.940      6478552.608     0.73      
530.00    7.79      114.26    529.19    18.130          -11.456         435068.145      6478552.071     1.25      
540.00    8.40      114.62    539.09    19.412          -12.039         435069.426      6478551.489     1.84      
550.00    8.86      114.55    548.98    20.777          -12.663         435070.791      6478550.864     1.38      
560.00    9.30      114.83    558.85    22.211          -13.322         435072.224      6478550.205     1.33      
570.00    9.71      115.07    568.71    23.708          -14.019         435073.720      6478549.509     1.24      
580.00    10.10     115.21    578.56    25.265          -14.750         435075.277      6478548.778     1.17      
590.00    10.68     115.04    588.40    26.898          -15.515         435076.909      6478548.013     1.74      
600.00    11.23     115.09    598.22    28.619          -16.320         435078.630      6478547.208     1.65      
610.00    11.89     115.65    608.01    30.430          -17.179         435080.440      6478546.350     2.01      
620.00    12.15     115.66    617.80    32.307          -18.081         435082.317      6478545.448     0.78      
630.00    12.39     115.86    627.57    34.221          -19.005         435084.230      6478544.525     0.73      
640.00    12.77     116.66    637.33    36.174          -19.968         435086.182      6478543.562     1.25      
650.00    13.11     117.53    647.07    38.168          -20.989         435088.175      6478542.542     1.18      
660.00    13.29     118.11    656.81    40.187          -22.054         435090.194      6478541.476     0.67      
670.00    13.46     118.65    666.54    42.222          -23.154         435092.228      6478540.377     0.63      
680.00    13.71     119.67    676.26    44.273          -24.298         435094.279      6478539.233     1.04      
690.00    13.91     121.43    685.97    46.329          -25.512         435096.333      6478538.020     1.40      
700.00    14.02     122.28    695.67    48.378          -26.786         435098.382      6478536.747     0.70      
710.00    14.19     123.08    705.37    50.429          -28.101         435100.433      6478535.431     0.78      
720.00    14.44     124.37    715.06    52.486          -29.474         435102.488      6478534.059     1.22      
730.00    14.75     125.72    724.74    54.548          -30.921         435104.550      6478532.612     1.38      
740.00    14.97     126.52    734.40    56.620          -32.433         435106.621      6478531.101     0.90      
750.00    15.31     127.07    744.06    58.711          -33.998         435108.712      6478529.537     1.11      
760.00    15.80     128.00    753.69    60.837          -35.632         435110.837      6478527.904     1.65      
770.00    16.34     128.60    763.30    63.009          -37.347         435113.008      6478526.189     1.69      
780.00    16.87     128.67    772.88    65.242          -39.132         435115.240      6478524.405     1.59      
790.00    17.50     128.79    782.44    67.547          -40.980         435117.544      6478522.557     1.89      
800.00    18.40     128.93    791.95    69.946          -42.914         435119.943      6478520.624     2.70      
810.00    19.13     128.69    801.42    72.453          -44.930         435122.449      6478518.609     2.20      
820.00    19.61     128.36    810.85    75.048          -46.996         435125.043      6478516.544     1.48      
830.00    20.09     128.11    820.26    77.715          -49.097         435127.709      6478514.443     1.46      
840.00    20.61     127.67    829.63    80.460          -51.233         435130.452      6478512.308     1.63      
850.00    21.04     126.88    838.98    83.289          -53.386         435133.280      6478510.156     1.54      
860.00    21.40     126.14    848.30    86.198          -55.539         435136.189      6478508.004     1.35      
870.00    21.66     125.36    857.60    89.176          -57.683         435139.166      6478505.860     1.16      
880.00    21.71     124.64    866.90    92.203          -59.802         435142.192      6478503.742     0.81      
890.00    21.70     124.31    876.19    95.252          -61.895         435145.239      6478501.649     0.37      
900.00    21.25     124.06    885.49    98.280          -63.953         435148.267      6478499.593     1.38      
910.00    20.45     123.59    894.84    101.237         -65.934         435151.222      6478497.612     2.45      
920.00    19.76     123.32    904.23    104.104         -67.829         435154.089      6478495.718     2.09      
930.00    19.35     123.24    913.65    106.903         -69.666         435156.886      6478493.882     1.23      
940.00    19.05     123.04    923.10    109.656         -71.464         435159.639      6478492.084     0.92      
950.00    18.82     122.42    932.56    112.386         -73.218         435162.368      6478490.330     0.92      
960.00    18.76     121.53    942.02    115.118         -74.924         435165.099      6478488.625     0.88      
970.00    18.76     120.39    951.49    117.876         -76.578         435167.856      6478486.971     1.10      
980.00    18.83     119.53    960.96    120.667         -78.187         435170.646      6478485.363     0.86      
990.00    18.87     118.52    970.42    123.492         -79.755         435173.470      6478483.796     0.99      
1000.00   18.94     117.69    979.88    126.350         -81.281         435176.327      6478482.270     0.83      
1010.00   18.99     117.08    989.34    129.236         -82.776         435179.212      6478480.776     0.61      
1020.00   19.11     116.31    998.79    132.152         -84.242         435182.127      6478479.310     0.84      
1030.00   19.38     115.18    1008.23   135.121         -85.673         435185.095      6478477.879     1.38      
1040.00   19.81     113.76    1017.65   138.173         -87.062         435188.146      6478476.491     1.92      
1050.00   20.19     113.30    1027.05   141.309         -88.427         435191.281      6478475.126     1.23      
1060.00   20.45     113.25    1036.43   144.499         -89.800         435194.470      6478473.755     0.78      
1070.00   20.56     113.30    1045.79   147.717         -91.184         435197.686      6478472.371     0.33      
1080.00   20.72     113.64    1055.15   150.950         -92.588         435200.918      6478470.968     0.60      
1090.00   20.96     114.82    1064.50   154.194         -94.048         435204.161      6478469.508     1.45      
1100.00   21.31     116.57    1073.83   157.443         -95.611         435207.409      6478467.945     2.16      
1110.00   21.80     119.11    1083.13   160.690         -97.327         435210.655      6478466.229     3.16      
1120.00   22.42     121.45    1092.39   163.939         -99.226         435213.903      6478464.332     3.23      
1130.00   22.93     122.76    1101.62   167.204         -101.275        435217.167      6478462.283     2.15      
1140.00   23.46     123.56    1110.81   170.501         -103.429        435220.463      6478460.130     1.85      
1150.00   24.23     123.79    1119.96   173.866         -105.671        435223.826      6478457.889     2.33      
1160.00   25.03     123.68    1129.05   177.331         -107.985        435227.290      6478455.575     2.40      
1170.00   25.65     123.27    1138.08   180.901         -110.346        435230.859      6478453.215     1.93      
1180.00   26.32     122.53    1147.07   184.580         -112.725        435234.537      6478450.837     2.23      
1190.00   26.84     121.79    1156.02   188.368         -115.107        435238.323      6478448.456     1.85      
1200.00   27.31     120.99    1164.92   192.254         -117.477        435242.208      6478446.087     1.78      
1210.00   27.87     120.37    1173.78   196.237         -119.840        435246.189      6478443.724     1.89      
1220.00   28.39     119.92    1182.60   200.314         -122.208        435250.265      6478441.358     1.68      
1230.00   29.01     119.62    1191.37   204.482         -124.592        435254.432      6478438.974     1.91      
1240.00   29.71     119.54    1200.09   208.746         -127.012        435258.695      6478436.555     2.10      
1250.00   30.28     119.50    1208.75   213.097         -129.476        435263.043      6478434.093     1.71      
1260.00   30.70     119.42    1217.37   217.514         -131.971        435267.460      6478431.598     1.27      
1270.00   30.84     119.31    1225.96   221.973         -134.480        435271.917      6478429.090     0.45      
1280.00   30.61     119.28    1234.56   226.429         -136.980        435276.371      6478426.591     0.69      
1290.00   30.14     119.39    1243.18   230.837         -139.457        435280.777      6478424.115     1.42      
1300.00   29.48     119.45    1251.86   235.167         -141.899        435285.106      6478421.674     1.98      
1310.00   29.02     119.52    1260.58   239.421         -144.304        435289.358      6478419.270     1.38      
1320.00   28.79     119.74    1269.34   243.622         -146.693        435293.558      6478416.881     0.76      
1330.00   28.51     119.93    1278.11   247.781         -149.079        435297.716      6478414.496     0.88      
1340.00   27.89     120.05    1286.93   251.874         -151.441        435301.807      6478412.135     1.87      
1350.00   27.26     120.01    1295.79   255.882         -153.757        435305.813      6478409.819     1.89      
1360.00   27.20     119.88    1304.68   259.846         -156.041        435309.777      6478407.536     0.25      
1370.00   27.23     119.87    1313.58   263.812         -158.319        435313.741      6478405.259     0.09      
1380.00   27.38     119.62    1322.46   267.795         -160.595        435317.723      6478402.984     0.57      
1388.90   27.61     119.42    1330.36   271.371         -162.620        435321.297      6478400.960     0.84      
1398.90   27.61     119.42    1339.22   275.408         -164.896        435325.333      6478398.685     0.00      
1410.00   26.96     117.97    1349.08   279.871         -167.340        435329.795      6478396.242     2.50      
1418.90   26.46     116.77    1357.03   283.423         -169.179        435333.346      6478394.403     2.50      
1440.00   25.05     116.78    1376.04   291.608         -173.309        435341.528      6478390.274     2.00      
1470.00   23.05     116.80    1403.43   302.522         -178.819        435352.437      6478384.766     2.00      
1500.00   21.05     116.82    1431.24   312.573         -183.898        435362.485      6478379.689     2.00      
1530.00   19.05     116.84    1459.42   321.751         -188.541        435371.660      6478375.048     2.00      
1560.00   17.05     116.87    1487.94   330.044         -192.740        435379.950      6478370.850     2.00      
1590.00   15.05     116.91    1516.77   337.441         -196.491        435387.344      6478367.100     2.00      
1620.00   13.05     116.96    1545.87   343.934         -199.791        435393.835      6478363.802     2.00      
1650.00   11.05     117.03    1575.21   349.514         -202.633        435399.413      6478360.960     2.00      
1680.00   9.05      117.13    1604.74   354.176         -205.016        435404.073      6478358.578     2.00      
1710.00   7.05      117.28    1634.45   357.913         -206.936        435407.809      6478356.659     2.00      
1740.00   5.05      117.55    1664.28   360.720         -208.391        435410.616      6478355.204     2.00      
1770.00   3.05      118.18    1694.20   362.595         -209.379        435412.490      6478354.217     2.00      
1800.00   1.05      121.17    1724.18   363.535         -209.899        435413.429      6478353.697     2.00      
1830.00   0.95      291.55    1754.18   363.539         -209.950        435413.433      6478353.646     2.00      
1860.00   2.95      294.97    1784.16   362.607         -209.532        435412.501      6478354.064     2.00      
1890.00   4.95      295.63    1814.09   360.740         -208.646        435410.635      6478354.949     2.00      
1920.00   6.95      295.91    1843.92   357.940         -207.293        435407.836      6478356.302     2.00      
1950.00   8.95      296.07    1873.63   354.210         -205.474        435404.108      6478358.120     2.00      
1980.00   10.95     296.17    1903.18   349.556         -203.192        435399.455      6478360.402     2.00      
2010.00   12.95     296.24    1932.53   343.983         -200.449        435393.884      6478363.144     2.00      
2040.00   14.95     296.29    1961.64   337.498         -197.249        435387.401      6478366.342     2.00      
2070.00   16.95     296.33    1990.49   330.108         -193.596        435380.014      6478369.995     2.00      
2100.00   18.95     296.36    2019.03   321.823         -189.494        435371.732      6478374.095     2.00      
2114.24   19.90     296.37    2032.46   317.579         -187.391        435367.490      6478376.198     2.00      
2130.00   19.90     296.37    2047.27   312.774         -185.008        435362.686      6478378.579     0.00      
2160.00   19.90     296.37    2075.48   303.625         -180.473        435353.540      6478383.113     0.00      
2190.00   19.90     296.37    2103.69   294.476         -175.938        435344.395      6478387.646     0.00      
2220.00   19.90     296.37    2131.90   285.328         -171.403        435335.249      6478392.180     0.00      
2250.00   19.90     296.37    2160.11   276.179         -166.868        435326.104      6478396.714     0.00      
2280.00   19.90     296.37    2188.32   267.030         -162.332        435316.958      6478401.247     0.00      
2310.00   19.90     296.37    2216.53   257.882         -157.797        435307.813      6478405.781     0.00      
2340.00   19.90     296.37    2244.73   248.733         -153.262        435298.667      6478410.314     0.00      
2370.00   19.90     296.37    2272.94   239.585         -148.727        435289.522      6478414.848     0.00      
2400.00   19.90     296.37    2301.15   230.436         -144.192        435280.377      6478419.382     0.00      
2430.00   19.90     296.37    2329.36   221.287         -139.656        435271.231      6478423.915     0.00      
2460.00   19.90     296.37    2357.57   212.139         -135.121        435262.086      6478428.449     0.00      
2490.00   19.90     296.37    2385.78   202.990         -130.586        435252.940      6478432.983     0.00      
2520.00   19.90     296.37    2413.99   193.841         -126.051        435243.795      6478437.516     0.00      
2550.00   19.90     296.37    2442.20   184.693         -121.516        435234.649      6478442.050     0.00      
2580.00   19.90     296.37    2470.40   175.544         -116.980        435225.504      6478446.583     0.00      
2610.00   19.90     296.37    2498.61   166.395         -112.445        435216.358      6478451.117     0.00      
2640.00   19.90     296.37    2526.82   157.247         -107.910        435207.213      6478455.651     0.00      
2660.19   19.90     296.37    2545.81   151.090         -104.858        435201.058      6478458.702     0.00      
2670.00   19.92     299.25    2555.03   148.135         -103.300        435198.105      6478460.259     3.00      
2700.00   20.28     307.92    2583.21   139.571         -97.605         435189.543      6478465.952     3.00      
2730.00   21.05     316.14    2611.28   131.734         -90.522         435181.709      6478473.033     3.00      
2760.00   22.19     323.69    2639.18   124.645         -82.070         435174.622      6478481.482     3.00      
2790.00   23.63     330.45    2666.82   118.323         -72.272         435168.303      6478491.276     3.00      
2820.00   25.34     336.41    2694.12   112.787         -61.155         435162.768      6478502.389     3.00      
2850.00   27.26     341.62    2721.02   108.050         -48.750         435158.034      6478514.790     3.00      
2880.00   29.34     346.17    2747.43   104.127         -35.091         435154.112      6478528.444     3.00      
2910.00   31.56     350.16    2773.30   101.028         -20.215         435151.014      6478543.315     3.00      
2940.00   33.89     353.66    2798.54   98.761          -4.162          435148.748      6478559.362     3.00      
2970.00   36.31     356.75    2823.08   97.333          13.022          435147.320      6478576.541     3.00      
3000.00   38.80     359.50    2846.86   96.747          31.292          435146.735      6478594.804     3.00      
3030.00   41.34     1.97      2869.82   97.006          50.597          435146.993      6478614.102     3.00      
3060.00   43.94     4.20      2891.89   98.108          70.884          435148.095      6478634.382     3.00      
3090.00   46.57     6.22      2913.01   100.050         92.097          435150.036      6478655.588     3.00      
3120.00   49.23     8.08      2933.12   102.828         114.179         435152.813      6478677.662     3.00      
3150.00   51.93     9.79      2952.17   106.433         137.068         435156.417      6478700.543     3.00      
3180.00   54.64     11.38     2970.11   110.855         160.703         435160.838      6478724.170     3.00      
3210.00   57.38     12.87     2986.88   116.083         185.018         435166.064      6478748.476     3.00      
3240.00   60.13     14.26     3002.44   122.103         209.946         435172.081      6478773.396     3.00      
3270.00   62.90     15.59     3016.74   128.896         235.420         435178.872      6478798.861     3.00      
3300.00   65.67     16.84     3029.76   136.446         261.369         435186.420      6478824.801     3.00      
3330.00   68.46     18.05     3041.45   144.731         287.723         435194.702      6478851.146     3.00      
3360.00   71.26     19.21     3051.78   153.729         314.409         435203.697      6478877.822     3.00      
3390.00   74.06     20.33     3060.72   163.415         341.354         435213.379      6478904.758     3.00      
3420.00   76.87     21.42     3068.25   173.762         368.484         435223.723      6478931.878     3.00      
3450.00   79.68     22.48     3074.35   184.743         395.724         435234.699      6478959.110     3.00      
3480.00   82.50     23.53     3078.99   196.326         423.001         435246.278      6478986.377     3.00      
3510.00   85.32     24.56     3082.18   208.480         450.239         435258.429      6479013.606     3.00      
3540.00   88.14     25.59     3083.89   221.173         477.364         435271.117      6479040.721     3.00      
3570.00   90.96     26.61     3084.13   234.368         504.302         435284.307      6479067.649     3.00      
3575.99   91.52     26.81     3084.00   237.062         509.655         435287.000      6479073.000     3.00      
3600.00   91.52     26.81     3083.36   247.887         531.072         435297.821      6479094.410     0.00      
3630.00   91.52     26.81     3082.57   261.414         557.837         435311.344      6479121.166     0.00      
3660.00   91.52     26.81     3081.77   274.942         584.602         435324.867      6479147.922     0.00      
3690.00   91.52     26.81     3080.98   288.469         611.367         435338.390      6479174.678     0.00      
3720.00   91.52     26.81     3080.18   301.997         638.133         435351.913      6479201.433     0.00      
3750.00   91.52     26.81     3079.38   315.525         664.898         435365.436      6479228.189     0.00      
3780.00   91.52     26.81     3078.59   329.052         691.663         435378.959      6479254.945     0.00      
3810.00   91.52     26.81     3077.79   342.580         718.428         435392.482      6479281.701     0.00      
3840.00   91.52     26.81     3077.00   356.108         745.193         435406.005      6479308.456     0.00      
3870.00   91.52     26.81     3076.20   369.635         771.958         435419.527      6479335.212     0.00      
3900.00   91.52     26.81     3075.41   383.163         798.723         435433.050      6479361.968     0.00      
3930.00   91.52     26.81     3074.61   396.691         825.488         435446.573      6479388.724     0.00      
3960.00   91.52     26.81     3073.81   410.218         852.253         435460.096      6479415.479     0.00      
3990.86   91.52     26.81     3073.00   424.131         879.781         435474.005      6479442.998     0.00      
