MD        Inc       Azim      TVD       X_Offset_EW  Y_Offset_NS  X_COORD         Y_COORD         DLS
m RKB     deg       deg       m RKB     m               m               m               m               deg/30m
145.90    0.00      0.00      145.90    2.228           -3.911          435052.248      6478559.613     0.00      
150.00    0.02      28.15     150.00    2.229           -3.911          435052.249      6478559.614     0.15      
160.00    0.05      27.73     160.00    2.232           -3.905          435052.252      6478559.619     0.09      
170.00    0.04      30.13     170.00    2.235           -3.898          435052.255      6478559.626     0.03      
180.00    0.03      35.69     180.00    2.239           -3.893          435052.259      6478559.631     0.03      
190.00    0.04      31.77     190.00    2.242           -3.888          435052.262      6478559.636     0.03      
200.00    0.04      37.25     200.00    2.246           -3.882          435052.266      6478559.642     0.01      
210.00    0.06      67.69     210.00    2.253           -3.878          435052.273      6478559.647     0.10      
220.00    0.14      85.78     220.00    2.270           -3.875          435052.290      6478559.650     0.26      
230.00    0.20      111.58    230.00    2.298           -3.880          435052.318      6478559.644     0.29      
240.00    0.27      125.12    240.00    2.334           -3.900          435052.354      6478559.624     0.27      
250.00    0.28      127.84    250.00    2.372           -3.929          435052.392      6478559.596     0.05      
260.00    0.28      131.59    260.00    2.410           -3.960          435052.430      6478559.564     0.05      
270.00    0.30      129.68    270.00    2.448           -3.993          435052.468      6478559.531     0.07      
280.00    0.31      129.81    280.00    2.489           -4.027          435052.509      6478559.497     0.03      
290.00    0.34      129.07    290.00    2.533           -4.063          435052.553      6478559.461     0.09      
300.00    0.41      128.66    300.00    2.584           -4.104          435052.604      6478559.420     0.21      
310.00    0.55      123.69    310.00    2.652           -4.153          435052.672      6478559.371     0.44      
320.00    0.84      119.22    320.00    2.756           -4.215          435052.776      6478559.309     0.88      
330.00    1.20      117.73    330.00    2.913           -4.300          435052.932      6478559.225     1.08      
340.00    1.54      116.39    339.99    3.126           -4.408          435053.145      6478559.116     1.02      
350.00    2.10      114.55    349.99    3.413           -4.544          435053.432      6478558.980     1.69      
360.00    2.64      117.59    359.98    3.783           -4.727          435053.803      6478558.798     1.66      
370.00    2.89      119.53    369.97    4.207           -4.958          435054.226      6478558.567     0.80      
380.00    3.46      117.59    379.95    4.694           -5.222          435054.713      6478558.303     1.74      
390.00    4.06      115.82    389.93    5.280           -5.516          435055.299      6478558.009     1.83      
400.00    4.32      115.51    399.90    5.938           -5.832          435055.957      6478557.693     0.78      
410.00    4.53      115.75    409.87    6.634           -6.166          435056.653      6478557.359     0.63      
420.00    4.78      116.07    419.84    7.364           -6.521          435057.382      6478557.004     0.75      
430.00    4.98      115.78    429.81    8.129           -6.893          435058.147      6478556.633     0.60      
440.00    5.08      115.36    439.77    8.920           -7.271          435058.938      6478556.254     0.32      
450.00    5.39      115.50    449.73    9.744           -7.663          435059.761      6478555.863     0.93      
460.00    5.79      115.11    459.68    10.625          -8.079          435060.642      6478555.447     1.21      
470.00    6.04      114.60    469.62    11.560          -8.512          435061.577      6478555.014     0.77      
480.00    6.31      114.83    479.57    12.537          -8.962          435062.553      6478554.564     0.81      
490.00    6.62      114.05    489.50    13.562          -9.428          435063.578      6478554.099     0.97      
500.00    6.99      113.89    499.43    14.645          -9.909          435064.660      6478553.617     1.11      
510.00    7.14      114.00    509.36    15.769          -10.408         435065.784      6478553.118     0.45      
520.00    7.38      113.71    519.28    16.925          -10.919         435066.940      6478552.608     0.73      
530.00    7.79      114.26    529.19    18.130          -11.456         435068.145      6478552.071     1.25      
540.00    8.40      114.62    539.09    19.412          -12.039         435069.426      6478551.489     1.84      
550.00    8.86      114.55    548.98    20.777          -12.663         435070.791      6478550.864     1.38      
560.00    9.30      114.83    558.85    22.211          -13.322         435072.224      6478550.205     1.33      
570.00    9.71      115.07    568.71    23.708          -14.019         435073.720      6478549.509     1.24      
580.00    10.10     115.21    578.56    25.265          -14.750         435075.277      6478548.778     1.17      
590.00    10.68     115.04    588.40    26.898          -15.515         435076.909      6478548.013     1.74      
600.00    11.23     115.09    598.22    28.619          -16.320         435078.630      6478547.208     1.65      
610.00    11.89     115.65    608.01    30.430          -17.179         435080.440      6478546.350     2.01      
620.00    12.15     115.66    617.80    32.307          -18.081         435082.317      6478545.448     0.78      
630.00    12.39     115.86    627.57    34.221          -19.005         435084.230      6478544.525     0.73      
640.00    12.77     116.66    637.33    36.174          -19.968         435086.182      6478543.562     1.25      
650.00    13.11     117.53    647.07    38.168          -20.989         435088.175      6478542.542     1.18      
660.00    13.29     118.11    656.81    40.187          -22.054         435090.194      6478541.476     0.67      
670.00    13.46     118.65    666.54    42.222          -23.154         435092.228      6478540.377     0.63      
680.00    13.71     119.67    676.26    44.273          -24.298         435094.279      6478539.233     1.04      
690.00    13.91     121.43    685.97    46.329          -25.512         435096.333      6478538.020     1.40      
700.00    14.02     122.28    695.67    48.378          -26.786         435098.382      6478536.747     0.70      
710.00    14.19     123.08    705.37    50.429          -28.101         435100.433      6478535.431     0.78      
720.00    14.44     124.37    715.06    52.486          -29.474         435102.488      6478534.059     1.22      
730.00    14.75     125.72    724.74    54.548          -30.921         435104.550      6478532.612     1.38      
740.00    14.97     126.52    734.40    56.620          -32.433         435106.621      6478531.101     0.90      
750.00    15.31     127.07    744.06    58.711          -33.998         435108.712      6478529.537     1.11      
760.00    15.80     128.00    753.69    60.837          -35.632         435110.837      6478527.904     1.65      
770.00    16.34     128.60    763.30    63.009          -37.347         435113.008      6478526.189     1.69      
780.00    16.87     128.67    772.88    65.242          -39.132         435115.240      6478524.405     1.59      
790.00    17.50     128.79    782.44    67.547          -40.980         435117.544      6478522.557     1.89      
800.00    18.40     128.93    791.95    69.946          -42.914         435119.943      6478520.624     2.70      
810.00    19.13     128.69    801.42    72.453          -44.930         435122.449      6478518.609     2.20      
820.00    19.61     128.36    810.85    75.048          -46.996         435125.043      6478516.544     1.48      
830.00    20.09     128.11    820.26    77.715          -49.097         435127.709      6478514.443     1.46      
840.00    20.61     127.67    829.63    80.460          -51.233         435130.452      6478512.308     1.63      
850.00    21.04     126.88    838.98    83.289          -53.386         435133.280      6478510.156     1.54      
860.00    21.40     126.14    848.30    86.198          -55.539         435136.189      6478508.004     1.35      
870.00    21.66     125.36    857.60    89.176          -57.683         435139.166      6478505.860     1.16      
880.00    21.71     124.64    866.90    92.203          -59.802         435142.192      6478503.742     0.81      
890.00    21.70     124.31    876.19    95.252          -61.895         435145.239      6478501.649     0.37      
900.00    21.25     124.06    885.49    98.280          -63.953         435148.267      6478499.593     1.38      
910.00    20.45     123.59    894.84    101.237         -65.934         435151.222      6478497.612     2.45      
920.00    19.76     123.32    904.23    104.104         -67.829         435154.089      6478495.718     2.09      
930.00    19.35     123.24    913.65    106.903         -69.666         435156.886      6478493.882     1.23      
940.00    19.05     123.04    923.10    109.656         -71.464         435159.639      6478492.084     0.92      
950.00    18.82     122.42    932.56    112.386         -73.218         435162.368      6478490.330     0.92      
960.00    18.76     121.53    942.02    115.118         -74.924         435165.099      6478488.625     0.88      
970.00    18.76     120.39    951.49    117.876         -76.578         435167.856      6478486.971     1.10      
980.00    18.83     119.53    960.96    120.667         -78.187         435170.646      6478485.363     0.86      
990.00    18.87     118.52    970.42    123.492         -79.755         435173.470      6478483.796     0.99      
1000.00   18.94     117.69    979.88    126.350         -81.281         435176.327      6478482.270     0.83      
1010.00   18.99     117.08    989.34    129.236         -82.776         435179.212      6478480.776     0.61      
1020.00   19.11     116.31    998.79    132.152         -84.242         435182.127      6478479.310     0.84      
1030.00   19.38     115.18    1008.23   135.121         -85.673         435185.095      6478477.879     1.38      
1040.00   19.81     113.76    1017.65   138.173         -87.062         435188.146      6478476.491     1.92      
1050.00   20.19     113.30    1027.05   141.309         -88.427         435191.281      6478475.126     1.23      
1060.00   20.45     113.25    1036.43   144.499         -89.800         435194.470      6478473.755     0.78      
1070.00   20.56     113.30    1045.79   147.717         -91.184         435197.686      6478472.371     0.33      
1080.00   20.72     113.64    1055.15   150.950         -92.588         435200.918      6478470.968     0.60      
1090.00   20.96     114.82    1064.50   154.194         -94.048         435204.161      6478469.508     1.45      
1100.00   21.31     116.57    1073.83   157.443         -95.611         435207.409      6478467.945     2.16      
1110.00   21.80     119.11    1083.13   160.690         -97.327         435210.655      6478466.229     3.16      
1120.00   22.42     121.45    1092.39   163.939         -99.226         435213.903      6478464.332     3.23      
1130.00   22.93     122.76    1101.62   167.204         -101.275        435217.167      6478462.283     2.15      
1140.00   23.46     123.56    1110.81   170.501         -103.429        435220.463      6478460.130     1.85      
1150.00   24.23     123.79    1119.96   173.866         -105.671        435223.826      6478457.889     2.33      
1160.00   25.03     123.68    1129.05   177.331         -107.985        435227.290      6478455.575     2.40      
1170.00   25.65     123.27    1138.08   180.901         -110.346        435230.859      6478453.215     1.93      
1180.00   26.32     122.53    1147.07   184.580         -112.725        435234.537      6478450.837     2.23      
1190.00   26.84     121.79    1156.02   188.368         -115.107        435238.323      6478448.456     1.85      
1200.00   27.31     120.99    1164.92   192.254         -117.477        435242.208      6478446.087     1.78      
1210.00   27.87     120.37    1173.78   196.237         -119.840        435246.189      6478443.724     1.89      
1220.00   28.39     119.92    1182.60   200.314         -122.208        435250.265      6478441.358     1.68      
1230.00   29.01     119.62    1191.37   204.482         -124.592        435254.432      6478438.974     1.91      
1240.00   29.71     119.54    1200.09   208.746         -127.012        435258.695      6478436.555     2.10      
1250.00   30.28     119.50    1208.75   213.097         -129.476        435263.043      6478434.093     1.71      
1260.00   30.70     119.42    1217.37   217.514         -131.971        435267.460      6478431.598     1.27      
1270.00   30.84     119.31    1225.96   221.973         -134.480        435271.917      6478429.090     0.45      
1280.00   30.61     119.28    1234.56   226.429         -136.980        435276.371      6478426.591     0.69      
1290.00   30.14     119.39    1243.18   230.837         -139.457        435280.777      6478424.115     1.42      
1300.00   29.48     119.45    1251.86   235.167         -141.899        435285.106      6478421.674     1.98      
1310.00   29.02     119.52    1260.58   239.421         -144.304        435289.358      6478419.270     1.38      
1320.00   28.79     119.74    1269.34   243.622         -146.693        435293.558      6478416.881     0.76      
1330.00   28.51     119.93    1278.11   247.781         -149.079        435297.716      6478414.496     0.88      
1340.00   27.89     120.05    1286.93   251.874         -151.441        435301.807      6478412.135     1.87      
1350.00   27.26     120.01    1295.79   255.882         -153.757        435305.813      6478409.819     1.89      
1360.00   27.20     119.88    1304.68   259.846         -156.041        435309.777      6478407.536     0.25      
1370.00   27.23     119.87    1313.58   263.812         -158.319        435313.741      6478405.259     0.09      
1380.00   27.38     119.62    1322.46   267.795         -160.595        435317.723      6478402.984     0.57      
1390.00   27.64     119.39    1331.33   271.815         -162.870        435321.741      6478400.710     0.84      
1400.00   27.93     119.42    1340.18   275.876         -165.159        435325.801      6478398.422     0.87      
1410.00   28.16     119.41    1349.00   279.971         -167.468        435329.895      6478396.113     0.69      
1420.00   28.21     119.23    1357.82   284.090         -169.781        435334.012      6478393.801     0.30      
1430.00   27.99     119.18    1366.64   288.201         -172.079        435338.122      6478391.504     0.66      
1440.00   27.72     119.17    1375.48   292.281         -174.357        435342.200      6478389.227     0.81      
1450.00   27.54     119.15    1384.34   296.330         -176.616        435346.248      6478386.968     0.54      
1460.00   27.36     119.06    1393.21   300.358         -178.859        435350.274      6478384.727     0.55      
1470.00   27.29     118.91    1402.10   304.373         -181.083        435354.288      6478382.503     0.29      
1480.00   27.20     118.89    1410.99   308.381         -183.295        435358.295      6478380.291     0.27      
1490.00   27.05     118.75    1419.89   312.376         -185.493        435362.288      6478378.094     0.49      
1500.00   26.93     118.56    1428.80   316.358         -187.670        435366.269      6478375.919     0.44      
1510.00   26.85     118.33    1437.72   320.335         -189.824        435370.245      6478373.765     0.39      
1520.00   26.81     118.13    1446.64   324.312         -191.959        435374.220      6478371.631     0.30      
1530.00   26.64     118.00    1455.57   328.280         -194.075        435378.187      6478369.516     0.54      
1540.00   26.54     117.85    1464.52   332.235         -196.171        435382.140      6478367.421     0.36      
1550.00   26.52     117.68    1473.46   336.187         -198.252        435386.091      6478365.340     0.24      
1560.00   26.44     117.60    1482.41   340.137         -200.320        435390.040      6478363.273     0.26      
1570.00   26.29     117.54    1491.37   344.074         -202.376        435393.975      6478361.218     0.46      
1580.00   26.20     117.39    1500.34   347.998         -204.415        435397.897      6478359.179     0.34      
1590.00   26.13     117.30    1509.32   351.914         -206.441        435401.813      6478357.154     0.24      
1600.00   26.06     117.17    1518.30   355.825         -208.454        435405.722      6478355.142     0.27      
1610.00   25.95     117.06    1527.29   359.728         -210.452        435409.624      6478353.144     0.36      
1620.00   25.84     116.89    1536.28   363.620         -212.433        435413.514      6478351.164     0.40      
1630.00   25.78     116.67    1545.29   367.507         -214.395        435417.400      6478349.203     0.34      
1640.00   25.69     116.57    1554.29   371.389         -216.340        435421.280      6478347.258     0.30      
1650.00   25.56     116.39    1563.31   375.260         -218.269        435425.150      6478345.330     0.45      
1660.00   25.44     116.21    1572.34   379.119         -220.176        435429.008      6478343.424     0.43      
1670.00   25.43     116.11    1581.37   382.974         -222.070        435432.862      6478341.531     0.13      
1680.00   25.43     116.03    1590.40   386.831         -223.957        435436.718      6478339.644     0.10      
1690.00   25.53     116.10    1599.43   390.696         -225.847        435440.581      6478337.755     0.31      
1700.00   25.86     116.06    1608.44   394.590         -227.753        435444.474      6478335.849     0.99      
1710.00   26.26     116.26    1617.42   398.533         -229.690        435448.415      6478333.913     1.23      
1720.00   26.89     116.56    1626.36   402.540         -231.680        435452.421      6478331.924     1.93      
1730.00   27.50     116.94    1635.26   406.621         -233.737        435456.500      6478329.867     1.90      
1740.00   28.01     117.15    1644.11   410.769         -235.855        435460.646      6478327.751     1.56      
1750.00   28.50     117.23    1652.92   414.979         -238.018        435464.856      6478325.588     1.47      
1760.00   28.97     117.56    1661.68   419.248         -240.230        435469.123      6478323.377     1.49      
1770.00   29.41     118.00    1670.41   423.563         -242.503        435473.436      6478321.104     1.47      
1780.00   29.85     118.48    1679.11   427.918         -244.842        435477.790      6478318.766     1.50      
1790.00   30.32     118.84    1687.76   432.317         -247.247        435482.187      6478316.362     1.51      
1800.00   30.70     119.23    1696.37   436.755         -249.711        435486.624      6478313.899     1.29      
1810.00   31.13     119.68    1704.95   441.229         -252.237        435491.096      6478311.373     1.46      
1820.00   31.61     119.95    1713.49   445.745         -254.826        435495.611      6478308.786     1.50      
1830.00   32.07     120.45    1721.99   450.305         -257.479        435500.169      6478306.133     1.59      
1840.00   32.58     121.01    1730.44   454.901         -260.212        435504.763      6478303.402     1.77      
1850.00   33.17     121.55    1738.84   459.540         -263.030        435509.401      6478300.584     1.98      
1860.00   33.78     122.26    1747.18   464.222         -265.946        435514.081      6478297.670     2.17      
1870.00   34.41     122.96    1755.46   468.944         -268.967        435518.801      6478294.650     2.23      
1880.00   35.08     123.78    1763.68   473.703         -272.102        435523.559      6478291.516     2.45      
1890.00   35.74     124.55    1771.83   478.497         -275.356        435528.351      6478288.263     2.39      
1900.00   36.39     124.97    1779.91   483.333         -278.713        435533.186      6478284.907     2.09      
1910.00   37.11     125.42    1787.92   488.223         -282.161        435538.074      6478281.460     2.31      
1920.00   37.85     125.91    1795.86   493.166         -285.709        435543.015      6478277.913     2.39      
1930.00   38.51     126.34    1803.72   498.159         -289.353        435548.006      6478274.270     2.13      
1940.00   39.27     126.74    1811.50   503.203         -293.091        435553.049      6478270.534     2.40      
1950.00   40.09     127.17    1819.20   508.305         -296.930        435558.149      6478266.696     2.59      
1960.00   40.87     127.46    1826.80   513.468         -300.866        435563.310      6478262.762     2.41      
1970.00   41.72     127.60    1834.32   518.701         -304.886        435568.542      6478258.743     2.57      
1980.00   42.38     127.57    1841.74   524.009         -308.971        435573.847      6478254.660     1.98      
1990.00   43.08     127.46    1849.09   529.391         -313.103        435579.228      6478250.529     2.11      
2000.00   43.74     127.26    1856.35   534.853         -317.273        435584.688      6478246.360     2.02      
2010.00   44.38     127.07    1863.54   540.395         -321.474        435590.228      6478242.161     1.96      
2020.00   44.97     126.80    1870.65   546.015         -325.699        435595.846      6478237.938     1.86      
2030.00   45.09     126.48    1877.72   551.692         -329.921        435601.521      6478233.717     0.77      
2040.00   44.90     126.27    1884.79   557.385         -334.114        435607.211      6478229.525     0.72      
2050.00   44.83     126.20    1891.88   563.075         -338.284        435612.899      6478225.357     0.26      
2060.00   44.96     126.17    1898.96   568.771         -342.451        435618.594      6478221.191     0.40      
2070.00   44.98     126.04    1906.04   574.481         -346.616        435624.302      6478217.028     0.28      
2080.00   44.96     125.96    1913.11   580.199         -350.770        435630.018      6478212.875     0.18      
2090.00   44.99     125.95    1920.18   585.920         -354.920        435635.737      6478208.727     0.09      
2100.00   45.05     125.87    1927.25   591.649         -359.068        435641.464      6478204.580     0.25      
2110.00   45.04     125.70    1934.32   597.390         -363.207        435647.203      6478200.443     0.36      
2120.00   45.00     125.59    1941.39   603.138         -367.329        435652.949      6478196.322     0.26      
2130.00   45.05     125.55    1948.46   608.893         -371.444        435658.701      6478192.209     0.17      
2140.00   45.17     125.51    1955.51   614.658         -375.561        435664.465      6478188.093     0.37      
2150.00   45.15     125.42    1962.56   620.433         -379.675        435670.238      6478183.980     0.20      
2160.00   44.93     125.42    1969.63   626.200         -383.776        435676.003      6478179.881     0.66      
2170.00   44.95     125.48    1976.71   631.954         -387.873        435681.755      6478175.785     0.14      
2180.00   45.03     125.45    1983.78   637.712         -391.975        435687.511      6478171.685     0.25      
2190.00   44.99     125.31    1990.85   643.478         -396.070        435693.275      6478167.591     0.32      
2200.00   44.96     125.21    1997.92   649.250         -400.150        435699.044      6478163.513     0.23      
2210.00   45.07     125.06    2004.99   655.034         -404.220        435704.827      6478159.443     0.46      
2220.00   45.12     124.82    2012.05   660.840         -408.277        435710.631      6478155.388     0.53      
2230.00   45.17     124.56    2019.11   666.669         -412.311        435716.458      6478151.355     0.57      
2240.00   45.31     124.29    2026.15   672.526         -416.325        435722.313      6478147.343     0.71      
2250.00   45.35     124.14    2033.18   678.407         -420.324        435728.191      6478143.345     0.34      
2260.00   45.14     124.16    2040.22   684.284         -424.311        435734.066      6478139.360     0.63      
2270.00   44.93     124.15    2047.29   690.139         -428.283        435739.919      6478135.389     0.63      
2280.00   44.92     124.20    2054.37   695.981         -432.250        435745.760      6478131.424     0.11      
2290.00   44.98     124.16    2061.44   701.826         -436.219        435751.602      6478127.456     0.20      
2300.00   44.91     124.07    2068.52   707.674         -440.181        435757.449      6478123.495     0.28      
2310.00   45.14     124.09    2075.59   713.533         -444.145        435763.306      6478119.533     0.69      
2320.00   45.51     124.06    2082.62   719.424         -448.129        435769.194      6478115.550     1.11      
2330.00   45.53     124.14    2089.63   725.332         -452.129        435775.100      6478111.551     0.18      
2340.00   45.15     124.04    2096.66   731.222         -456.116        435780.989      6478107.566     1.16      
2350.00   44.84     124.02    2103.73   737.082         -460.073        435786.846      6478103.610     0.93      
2360.00   45.06     124.05    2110.80   742.937         -464.027        435792.699      6478099.658     0.66      
2370.00   45.16     124.09    2117.86   748.805         -467.996        435798.565      6478095.690     0.31      
2380.00   44.89     124.15    2124.93   754.662         -471.964        435804.420      6478091.723     0.82      
2390.00   44.97     124.28    2132.01   760.502         -475.935        435810.258      6478087.754     0.37      
2400.00   45.21     124.34    2139.07   766.352         -479.927        435816.106      6478083.763     0.73      
2410.00   45.38     124.58    2146.10   772.212         -483.949        435821.964      6478079.743     0.72      
2420.00   45.14     124.85    2153.14   778.050         -487.994        435827.800      6478075.699     0.92      
2430.00   45.02     125.03    2160.20   783.855         -492.049        435833.603      6478071.645     0.53      
2440.00   45.17     125.07    2167.26   789.653         -496.117        435839.399      6478067.579     0.46      
2450.00   45.03     125.06    2174.32   795.451         -500.186        435845.195      6478063.511     0.42      
2460.00   44.94     124.92    2181.40   801.243         -504.240        435850.984      6478059.459     0.40      
2470.00   44.92     124.87    2188.47   807.035         -508.280        435856.775      6478055.420     0.12      
2480.00   44.93     124.99    2195.56   812.825         -512.324        435862.563      6478051.378     0.26      
2490.00   44.84     124.95    2202.64   818.608         -516.368        435868.343      6478047.335     0.28      
2500.00   44.80     125.09    2209.73   824.380         -520.413        435874.114      6478043.291     0.32      
2510.00   44.68     125.10    2216.84   830.140         -524.460        435879.871      6478039.246     0.36      
2520.00   44.49     125.22    2223.96   835.878         -528.503        435885.608      6478035.205     0.62      
2530.00   44.67     125.19    2231.08   841.614         -532.549        435891.341      6478031.159     0.54      
2540.00   44.71     125.34    2238.19   847.356         -536.609        435897.082      6478027.100     0.34      
2550.00   44.65     125.31    2245.30   853.093         -540.675        435902.816      6478023.036     0.19      
2560.00   44.75     125.45    2252.41   858.828         -544.748        435908.549      6478018.965     0.42      
2570.00   44.84     125.62    2259.51   864.561         -548.843        435914.281      6478014.871     0.45      
2580.00   44.87     125.68    2266.59   870.292         -552.954        435920.010      6478010.762     0.16      
2590.00   44.90     125.79    2273.68   876.021         -557.075        435925.737      6478006.642     0.25      
2600.00   44.72     125.88    2280.77   881.734         -561.201        435931.448      6478002.517     0.57      
2610.00   44.39     125.99    2287.90   887.415         -565.318        435937.127      6477998.402     1.02      
2620.00   44.49     125.95    2295.04   893.082         -569.431        435942.791      6477994.290     0.31      
2630.00   44.76     125.94    2302.16   898.769         -573.554        435948.476      6477990.168     0.81      
2640.00   44.86     125.88    2309.25   904.477         -577.688        435954.183      6477986.036     0.33      
2650.00   45.01     125.81    2316.33   910.202         -581.824        435959.906      6477981.902     0.47      
2660.00   45.09     125.87    2323.40   915.939         -585.968        435965.641      6477977.759     0.27      
2670.00   45.15     125.98    2330.45   921.677         -590.125        435971.377      6477973.603     0.30      
2680.00   45.27     125.99    2337.50   927.420         -594.295        435977.118      6477969.435     0.36      
2690.00   45.33     126.02    2344.53   933.170         -598.474        435982.866      6477965.258     0.19      
2700.00   45.54     126.20    2351.55   938.926         -602.673        435988.620      6477961.060     0.74      
2710.00   45.74     126.17    2358.54   944.696         -606.894        435994.388      6477956.841     0.60      
2720.00   45.86     126.18    2365.51   950.483         -611.125        436000.173      6477952.611     0.36      
2730.00   45.90     126.29    2372.47   956.274         -615.369        436005.962      6477948.369     0.27      
2740.00   46.03     126.35    2379.42   962.066         -619.627        436011.752      6477944.112     0.41      
2750.00   46.22     126.40    2386.35   967.870         -623.902        436017.554      6477939.838     0.58      
2760.00   46.26     126.46    2393.27   973.681         -628.191        436023.363      6477935.551     0.18      
2770.00   46.32     126.64    2400.18   979.488         -632.496        436029.168      6477931.248     0.43      
2780.00   46.52     126.73    2407.07   985.297         -636.823        436034.975      6477926.921     0.63      
2790.00   46.83     126.63    2413.94   991.132         -641.169        436040.807      6477922.578     0.96      
2800.00   47.00     126.73    2420.77   996.989         -645.531        436046.663      6477918.216     0.56      
2810.00   46.99     126.76    2427.59   1002.849        -649.906        436052.520      6477913.843     0.07      
2820.00   47.38     126.81    2434.38   1008.724        -654.299        436058.393      6477909.452     1.18      
2830.00   48.02     126.64    2441.11   1014.652        -658.722        436064.319      6477905.031     1.96      
2840.00   49.07     126.33    2447.73   1020.678        -663.178        436070.343      6477900.576     3.23      
2850.00   50.14     126.22    2454.21   1026.818        -667.684        436076.481      6477896.072     3.22      
2860.00   50.83     126.14    2460.58   1033.045        -672.238        436082.706      6477891.519     2.08      
2870.00   51.01     125.98    2466.88   1039.320        -676.807        436088.979      6477886.951     0.66      
2880.00   51.24     125.73    2473.16   1045.630        -681.367        436095.287      6477882.393     0.90      
2890.00   52.02     125.36    2479.37   1052.009        -685.925        436101.664      6477877.837     2.50      
2900.00   53.05     125.00    2485.45   1058.497        -690.498        436108.149      6477873.266     3.21      
2910.00   53.79     124.82    2491.41   1065.082        -695.093        436114.732      6477868.672     2.26      
2920.00   54.47     124.63    2497.27   1071.742        -699.709        436121.390      6477864.057     2.09      
2930.00   55.24     124.38    2503.02   1078.480        -704.341        436128.126      6477859.427     2.39      
2940.00   56.18     124.21    2508.66   1085.306        -708.997        436134.949      6477854.773     2.85      
2950.00   56.90     123.93    2514.17   1092.217        -713.670        436141.857      6477850.101     2.27      
2960.00   57.46     123.87    2519.59   1099.192        -718.357        436148.830      6477845.416     1.69      
2970.00   58.29     123.56    2524.91   1106.236        -723.058        436155.872      6477840.717     2.61      
2980.00   59.29     123.30    2530.09   1113.374        -727.770        436163.007      6477836.007     3.07      
2990.00   60.01     123.02    2535.14   1120.598        -732.490        436170.229      6477831.288     2.28      
3000.00   60.49     122.74    2540.10   1127.889        -737.203        436177.518      6477826.577     1.61      
3010.00   61.29     122.44    2544.97   1135.251        -741.909        436184.876      6477821.873     2.53      
3020.00   62.30     121.86    2549.70   1142.712        -746.598        436192.335      6477817.185     3.40      
3030.00   62.91     121.69    2554.30   1150.260        -751.273        436199.880      6477812.512     1.89      
3040.00   63.59     121.65    2558.80   1157.860        -755.961        436207.477      6477807.825     2.04      
3050.00   64.51     121.28    2563.17   1165.529        -760.655        436215.144      6477803.133     2.93      
3060.00   65.51     121.14    2567.40   1173.281        -765.351        436222.894      6477798.438     3.02      
3070.00   66.18     121.02    2571.49   1181.096        -770.062        436230.705      6477793.730     2.04      
3080.00   66.79     120.81    2575.48   1188.963        -774.773        436238.569      6477789.020     1.92      
3090.00   67.90     120.52    2579.33   1196.900        -779.479        436246.505      6477784.315     3.43      
3100.00   69.07     120.34    2583.00   1204.922        -784.191        436254.523      6477779.605     3.55      
3110.00   69.64     120.09    2586.53   1213.009        -788.900        436262.607      6477774.898     1.85      
3120.00   70.42     120.01    2589.94   1221.144        -793.607        436270.739      6477770.193     2.35      
3130.00   71.46     120.03    2593.21   1229.328        -798.335        436278.920      6477765.466     3.12      
3140.00   71.83     120.16    2596.35   1237.539        -803.094        436287.129      6477760.708     1.17      
3150.00   72.15     119.95    2599.45   1245.771        -807.857        436295.358      6477755.947     1.13      
3160.00   72.75     119.90    2602.46   1254.034        -812.614        436303.618      6477751.192     1.81      
3170.00   73.28     119.86    2605.38   1262.327        -817.378        436311.908      6477746.429     1.59      
3180.00   73.45     119.87    2608.25   1270.636        -822.149        436320.214      6477741.660     0.51      
3190.00   73.60     119.88    2611.08   1278.951        -826.926        436328.526      6477736.885     0.45      
3200.00   74.64     119.90    2613.82   1287.290        -831.719        436336.862      6477732.093     3.12      
3210.00   75.28     119.90    2616.41   1295.662        -836.533        436345.231      6477727.281     1.92      
3220.00   75.66     120.01    2618.92   1304.049        -841.367        436353.615      6477722.449     1.18      
3230.00   76.61     120.15    2621.32   1312.450        -846.233        436362.013      6477717.585     2.88      
3240.00   77.52     119.97    2623.56   1320.885        -851.115        436370.446      6477712.705     2.78      
3250.00   78.06     119.96    2625.67   1329.352        -855.996        436378.910      6477707.825     1.62      
3260.00   78.27     119.88    2627.72   1337.835        -860.878        436387.390      6477702.945     0.67      
3270.00   78.47     119.80    2629.74   1346.331        -865.752        436395.883      6477698.073     0.64      
3280.00   79.66     119.87    2631.64   1354.848        -870.637        436404.397      6477693.190     3.58      
3290.00   80.27     119.95    2633.38   1363.384        -875.547        436412.930      6477688.281     1.85      
3300.00   80.48     120.06    2635.05   1371.922        -880.477        436421.465      6477683.353     0.71      
3310.00   80.87     120.05    2636.67   1380.463        -885.419        436430.003      6477678.412     1.17      
3320.00   82.06     119.97    2638.15   1389.026        -890.365        436438.563      6477673.468     3.58      
3330.00   82.23     120.40    2639.52   1397.589        -895.346        436447.123      6477668.489     1.38      
3340.00   82.87     120.69    2640.82   1406.128        -900.385        436455.660      6477663.452     2.10      
3350.00   83.39     120.89    2642.01   1414.657        -905.467        436464.185      6477658.371     1.67      
3360.00   84.45     120.87    2643.07   1423.191        -910.571        436472.717      6477653.269     3.18      
3370.00   84.59     120.93    2644.03   1431.733        -915.683        436481.255      6477648.159     0.46      
3380.00   84.95     121.06    2644.94   1440.269        -920.811        436489.788      6477643.033     1.15      
3390.00   85.99     121.01    2645.73   1448.811        -925.950        436498.327      6477637.895     3.12      
3400.00   85.90     121.04    2646.44   1457.359        -931.092        436506.872      6477632.756     0.28      
3410.00   85.60     121.10    2647.18   1465.901        -936.238        436515.411      6477627.611     0.92      
3420.00   85.55     121.37    2647.95   1474.426        -941.408        436523.933      6477622.443     0.82      
3430.00   86.03     121.83    2648.68   1482.920        -946.634        436532.424      6477617.219     1.99      
3440.00   85.95     121.95    2649.38   1491.390        -951.904        436540.891      6477611.951     0.43      
3450.00   86.13     122.07    2650.07   1499.849        -957.192        436549.347      6477606.665     0.65      
3460.00   86.45     121.97    2650.72   1508.310        -962.483        436557.805      6477601.375     1.01      
3470.00   86.18     121.91    2651.36   1516.778        -967.762        436566.271      6477596.098     0.83      
3480.00   85.93     121.92    2652.05   1525.246        -973.036        436574.736      6477590.826     0.75      
3490.00   85.80     122.49    2652.77   1533.686        -978.352        436583.173      6477585.512     1.75      
3500.00   85.83     122.79    2653.50   1542.084        -983.731        436591.568      6477580.134     0.90      
3510.00   86.12     122.81    2654.20   1550.469        -989.135        436599.950      6477574.733     0.87      
3520.00   85.84     122.86    2654.90   1558.851        -994.544        436608.329      6477569.326     0.85      
3530.00   85.78     122.90    2655.64   1567.226        -999.958        436616.701      6477563.913     0.22      
3540.00   86.22     123.03    2656.33   1575.596        -1005.386       436625.068      6477558.487     1.38      
3550.00   86.14     123.04    2657.00   1583.961        -1010.825       436633.430      6477553.050     0.24      
3560.00   85.83     123.11    2657.70   1592.320        -1016.269       436641.786      6477547.608     0.95      
3570.00   85.96     123.13    2658.42   1600.674        -1021.719       436650.137      6477542.160     0.39      
3580.00   86.23     123.23    2659.10   1609.024        -1027.179       436658.484      6477536.701     0.86      
3590.00   86.12     123.25    2659.76   1617.369        -1032.649       436666.826      6477531.234     0.34      
3600.00   86.14     123.27    2660.44   1625.712        -1038.120       436675.166      6477525.764     0.08      
3610.00   86.03     123.23    2661.12   1634.055        -1043.591       436683.507      6477520.296     0.35      
3620.00   86.10     123.08    2661.81   1642.407        -1049.047       436691.856      6477514.842     0.50      
3630.00   86.18     123.04    2662.48   1650.769        -1054.490       436700.215      6477509.401     0.27      
3640.00   85.99     122.98    2663.16   1659.135        -1059.925       436708.578      6477503.967     0.60      
3650.00   86.00     122.95    2663.86   1667.505        -1065.353       436716.945      6477498.541     0.09      
3660.00   86.32     122.80    2664.53   1675.885        -1070.769       436725.322      6477493.127     1.06      
3670.00   85.85     122.53    2665.21   1684.283        -1076.153       436733.718      6477487.745     1.63      
3680.00   85.76     121.87    2665.95   1692.723        -1081.468       436742.154      6477482.432     1.99      
3690.00   86.02     121.35    2666.66   1701.217        -1086.696       436750.645      6477477.206     1.74      
3700.00   86.30     120.85    2667.33   1709.760        -1091.849       436759.186      6477472.054     1.72      
3710.00   86.05     120.29    2668.00   1718.351        -1096.924       436767.774      6477466.981     1.84      
3720.00   86.23     119.34    2668.67   1727.008        -1101.884       436776.427      6477462.022     2.89      
3730.00   86.70     118.89    2669.29   1735.728        -1106.741       436785.144      6477457.168     1.95      
3740.00   86.35     118.65    2669.90   1744.477        -1111.545       436793.890      6477452.365     1.27      
3750.00   85.93     118.53    2670.57   1753.238        -1116.319       436802.648      6477447.592     1.31      
3760.00   85.48     118.59    2671.32   1761.996        -1121.087       436811.403      6477442.827     1.36      
3770.00   85.93     119.00    2672.07   1770.735        -1125.890       436820.139      6477438.025     1.82      
3780.00   85.89     119.61    2672.78   1779.433        -1130.772       436828.834      6477433.145     1.83      
3790.00   85.55     120.05    2673.53   1788.084        -1135.732       436837.482      6477428.186     1.67      
3800.00   85.75     120.10    2674.28   1796.713        -1140.729       436846.108      6477423.191     0.62      
3810.00   85.80     120.30    2675.02   1805.332        -1145.746       436854.724      6477418.176     0.62      
3820.00   85.46     120.45    2675.78   1813.934        -1150.788       436863.323      6477413.136     1.11      
3830.00   85.24     120.94    2676.59   1822.505        -1155.876       436871.891      6477408.050     1.61      
3840.00   85.58     121.76    2677.39   1831.017        -1161.062       436880.401      6477402.866     2.66      
3850.00   85.72     122.47    2678.15   1839.463        -1166.362       436888.843      6477397.567     2.16      
3860.00   85.31     122.80    2678.93   1847.858        -1171.739       436897.236      6477392.192     1.58      
3870.00   85.39     123.16    2679.74   1856.219        -1177.164       436905.594      6477386.769     1.10      
3880.00   85.88     123.52    2680.51   1864.549        -1182.644       436913.921      6477381.291     1.82      
3890.00   85.86     123.59    2681.23   1872.861        -1188.157       436922.230      6477375.779     0.22      
3900.00   85.92     123.62    2681.94   1881.168        -1193.678       436930.534      6477370.261     0.20      
3910.00   85.81     123.79    2682.66   1889.466        -1199.212       436938.829      6477364.728     0.61      
3920.00   85.95     123.90    2683.38   1897.750        -1204.768       436947.110      6477359.175     0.53      
3930.00   85.73     123.96    2684.11   1906.025        -1210.335       436955.382      6477353.610     0.68      
3940.00   85.71     124.07    2684.85   1914.291        -1215.913       436963.645      6477348.033     0.33      
3950.00   85.71     124.27    2685.60   1922.541        -1221.514       436971.893      6477342.435     0.60      
3960.00   85.70     124.43    2686.35   1930.774        -1227.141       436980.123      6477336.810     0.48      
3970.00   85.38     124.59    2687.13   1938.990        -1232.789       436988.335      6477331.163     1.07      
3980.00   85.32     124.93    2687.94   1947.178        -1238.471       436996.521      6477325.483     1.03      
3990.00   85.83     125.21    2688.71   1955.338        -1244.200       437004.678      6477319.756     1.74      
4000.00   86.07     125.44    2689.42   1963.477        -1249.968       437012.814      6477313.991     1.00      
4010.00   85.64     125.34    2690.14   1971.608        -1255.744       437020.942      6477308.216     1.32      
4020.00   85.44     125.40    2690.92   1979.737        -1261.515       437029.069      6477302.447     0.63      
4030.00   85.69     125.55    2691.69   1987.856        -1267.301       437037.185      6477296.663     0.87      
4040.00   85.41     125.84    2692.47   1995.953        -1273.118       437045.279      6477290.848     1.21      
4050.00   85.24     126.40    2693.28   2004.004        -1278.993       437053.327      6477284.975     1.75      
4060.00   85.53     126.95    2694.09   2011.999        -1284.947       437061.319      6477279.024     1.86      
4070.00   86.26     127.34    2694.80   2019.949        -1290.970       437069.266      6477273.003     2.48      
4080.00   86.62     127.03    2695.42   2027.901        -1297.002       437077.215      6477266.973     1.42      
4090.00   86.34     124.90    2696.04   2035.979        -1302.863       437085.290      6477261.113     6.43      
4100.00   86.47     123.07    2696.66   2044.254        -1308.442       437093.563      6477255.537     5.49      
4110.00   86.49     121.36    2697.28   2052.698        -1313.763       437102.004      6477250.218     5.12      
4120.00   86.26     119.40    2697.91   2061.307        -1318.809       437110.610      6477245.173     5.91      
4130.00   86.04     117.42    2698.58   2070.083        -1323.556       437119.383      6477240.428     5.96      
4140.00   86.42     115.75    2699.24   2079.006        -1328.022       437128.302      6477235.964     5.13      
4150.00   86.34     114.12    2699.87   2088.055        -1332.229       437137.349      6477231.758     4.89      
4160.00   85.94     113.08    2700.54   2097.198        -1336.223       437146.488      6477227.765     3.34      
4170.00   85.39     113.19    2701.30   2106.367        -1340.141       437155.655      6477223.849     1.68      
4180.00   85.31     113.86    2702.11   2115.506        -1344.119       437164.790      6477219.872     2.02      
4190.00   85.27     115.00    2702.93   2124.580        -1348.241       437173.861      6477215.751     3.41      
4200.00   85.50     116.66    2703.74   2133.551        -1352.584       437182.829      6477211.410     5.01      
4210.00   85.83     118.40    2704.49   2142.393        -1357.193       437191.668      6477206.803     5.30      
4220.00   86.06     119.43    2705.20   2151.124        -1362.016       437200.396      6477201.982     3.16      
4230.00   85.75     119.82    2705.91   2159.795        -1366.946       437209.064      6477197.053     1.49      
4240.00   85.67     120.80    2706.66   2168.404        -1371.979       437217.669      6477192.022     2.94      
4250.00   85.75     122.23    2707.41   2176.905        -1377.191       437226.167      6477186.811     4.28      
4260.00   85.46     123.61    2708.18   2185.274        -1382.610       437234.534      6477181.395     4.22      
4270.00   85.41     124.95    2708.97   2193.511        -1388.224       437242.768      6477175.782     4.01      
4280.00   85.42     126.33    2709.77   2201.611        -1394.032       437250.865      6477169.976     4.13      
4290.00   85.86     127.54    2710.53   2209.581        -1400.024       437258.833      6477163.987     3.85      
4300.00   85.95     128.45    2711.25   2217.442        -1406.164       437266.690      6477157.849     2.74      
4310.00   85.62     128.94    2711.98   2225.225        -1412.399       437274.471      6477151.616     1.77      
4320.00   86.08     129.91    2712.70   2232.930        -1418.733       437282.173      6477145.284     3.21      
4330.00   86.40     130.43    2713.36   2240.554        -1425.169       437289.795      6477138.850     1.83      
4340.00   86.13     130.52    2714.01   2248.145        -1431.647       437297.383      6477132.375     0.85      
4350.00   85.89     130.60    2714.71   2255.724        -1438.134       437304.959      6477125.890     0.76      
4360.00   85.98     130.62    2715.42   2263.296        -1444.626       437312.529      6477119.400     0.28      
4370.00   86.21     130.61    2716.10   2270.870        -1451.121       437320.100      6477112.908     0.69      
4380.00   86.01     130.64    2716.78   2278.442        -1457.617       437327.670      6477106.414     0.61      
4390.00   85.70     130.53    2717.50   2286.017        -1464.106       437335.241      6477099.927     0.99      
4400.00   85.96     130.45    2718.23   2293.602        -1470.582       437342.824      6477093.454     0.82      
4410.00   85.99     130.51    2718.93   2301.189        -1477.057       437350.409      6477086.980     0.20      
4420.00   85.90     130.64    2719.64   2308.766        -1483.546       437357.983      6477080.494     0.47      
4430.00   85.97     130.60    2720.34   2316.337        -1490.040       437365.551      6477074.002     0.24      
4440.00   86.13     130.48    2721.03   2323.919        -1496.524       437373.130      6477067.520     0.60      
4450.00   86.07     130.53    2721.71   2331.505        -1503.004       437380.713      6477061.043     0.23      
4460.00   86.09     130.64    2722.40   2339.081        -1509.495       437388.287      6477054.554     0.33      
4470.00   86.06     130.65    2723.08   2346.651        -1515.993       437395.855      6477048.058     0.09      
4480.00   86.24     130.66    2723.75   2354.220        -1522.493       437403.421      6477041.560     0.54      
4490.00   86.31     130.86    2724.40   2361.779        -1529.008       437410.977      6477035.047     0.63      
4500.00   86.86     131.00    2725.00   2369.321        -1535.548       437418.516      6477028.510     1.70      
4510.00   86.82     130.92    2725.55   2376.861        -1542.093       437426.054      6477021.967     0.27      
4520.00   87.53     131.05    2726.04   2384.400        -1548.644       437433.591      6477015.418     2.17      
4530.00   87.97     131.11    2726.43   2391.932        -1555.210       437441.120      6477008.855     1.33      
4540.00   88.09     131.04    2726.78   2399.466        -1561.777       437448.652      6477002.290     0.42      
4550.00   88.00     130.97    2727.12   2407.009        -1568.334       437456.191      6476995.735     0.34      
4560.00   86.93     130.50    2727.56   2414.578        -1574.853       437463.758      6476989.218     3.51      
4570.00   85.77     130.03    2728.20   2422.193        -1581.303       437471.371      6476982.771     3.75      
4580.00   85.83     130.08    2728.93   2429.827        -1587.721       437479.002      6476976.355     0.23      
4590.00   85.92     130.28    2729.65   2437.447        -1594.156       437486.619      6476969.922     0.66      
4600.00   85.76     130.48    2730.38   2445.045        -1600.618       437494.214      6476963.463     0.77      
4610.00   85.73     130.66    2731.12   2452.620        -1607.104       437501.787      6476956.979     0.55      
4620.00   85.92     130.80    2731.85   2460.178        -1613.611       437509.342      6476950.474     0.71      
4630.00   86.12     130.97    2732.54   2467.720        -1620.141       437516.881      6476943.946     0.79      
4640.00   85.71     131.05    2733.25   2475.247        -1626.686       437524.406      6476937.403     1.25      
4650.00   85.63     131.17    2734.01   2482.760        -1633.242       437531.916      6476930.849     0.43      
4660.00   85.80     131.28    2734.75   2490.260        -1639.814       437539.414      6476924.280     0.61      
4670.00   85.86     131.29    2735.48   2497.755        -1646.395       437546.905      6476917.702     0.18      
4680.00   85.42     131.21    2736.24   2505.251        -1652.969       437554.399      6476911.130     1.34      
4690.00   85.22     131.21    2737.06   2512.749        -1659.535       437561.895      6476904.566     0.60      
4700.00   84.70     131.11    2737.94   2520.249        -1666.092       437569.392      6476898.012     1.59      
4710.00   83.90     130.82    2738.93   2527.762        -1672.615       437576.903      6476891.490     2.55      
4720.00   83.23     130.45    2740.05   2535.303        -1679.086       437584.441      6476885.021     2.29      
4730.00   82.81     130.25    2741.27   2542.868        -1685.513       437592.003      6476878.597     1.39      
4740.00   82.87     130.18    2742.51   2550.444        -1691.919       437599.577      6476872.193     0.28      
4750.00   82.45     130.03    2743.79   2558.030        -1698.308       437607.160      6476865.806     1.34      
4760.00   82.23     129.83    2745.12   2565.630        -1704.670       437614.758      6476859.447     0.89      
4764.09   82.20     129.81    2745.68   2568.743        -1707.265       437617.869      6476856.853     0.26      
4777.63   80.87     130.20    2747.67   2579.001        -1715.874       437628.124      6476848.247     3.07      
4817.95   77.41     129.45    2755.27   2609.406        -1741.231       437658.519      6476822.898     2.63      
4858.43   73.57     129.36    2765.41   2639.681        -1766.104       437688.783      6476798.035     2.85      
4894.35   69.40     129.21    2776.81   2666.038        -1787.666       437715.130      6476776.480     3.48      
4936.10   64.30     129.21    2793.22   2695.773        -1811.925       437744.855      6476752.229     3.66      
4977.55   58.44     130.74    2813.07   2723.649        -1835.278       437772.721      6476728.885     4.35      
5017.91   54.86     131.27    2835.26   2749.089        -1857.392       437798.152      6476706.778     2.68      
5058.28   54.24     131.85    2858.67   2773.696        -1879.208       437822.751      6476684.969     0.58      
5098.60   54.66     131.86    2882.11   2798.130        -1901.097       437847.177      6476663.088     0.31      
5138.97   54.49     132.53    2905.51   2822.502        -1923.192       437871.540      6476641.001     0.42      
5179.34   54.59     131.33    2928.93   2846.965        -1945.163       437895.994      6476619.037     0.73      
5219.44   54.66     130.59    2952.15   2871.656        -1966.597       437920.677      6476597.611     0.45      
5259.72   54.14     131.17    2975.60   2896.419        -1988.032       437945.431      6476576.184     0.52      
5300.07   54.61     130.13    2999.10   2921.303        -2009.396       437970.306      6476554.826     0.72      
5331.00   54.61     130.13    3017.01   2940.582        -2025.648       437989.579      6476538.580     0.00      
