MD        Inc       Azim      TVD       X-Offset_EW  Y-Offset_NS  UTM_EW         UTM_NS         DLS
m RKB     deg       deg       m RKB     m               m               m               m               deg/30m
145.90    0.00      0.00      145.90    -0.926          4.651           435049.095      6478568.172     0.00      
150.00    0.09      227.76    150.00    -0.929          4.648           435049.093      6478568.170     0.66      
160.00    0.20      225.57    160.00    -0.947          4.631           435049.074      6478568.152     0.33      
170.00    0.19      227.59    170.00    -0.972          4.608           435049.050      6478568.129     0.04      
180.00    0.23      231.32    180.00    -1.000          4.584           435049.022      6478568.105     0.13      
190.00    0.23      233.02    190.00    -1.031          4.559           435048.990      6478568.081     0.02      
200.00    0.22      235.12    200.00    -1.063          4.536           435048.958      6478568.058     0.04      
210.00    0.24      234.55    210.00    -1.096          4.513           435048.925      6478568.034     0.06      
220.00    0.34      239.76    220.00    -1.138          4.486           435048.883      6478568.007     0.31      
230.00    0.42      244.41    230.00    -1.197          4.455           435048.824      6478567.977     0.26      
240.00    0.57      252.51    240.00    -1.278          4.424           435048.744      6478567.946     0.50      
250.00    0.92      274.57    250.00    -1.405          4.416           435048.616      6478567.937     1.34      
260.00    1.13      286.19    260.00    -1.580          4.450           435048.442      6478567.971     0.88      
270.00    1.16      287.83    269.99    -1.771          4.508           435048.251      6478568.030     0.13      
280.00    1.20      290.33    279.99    -1.965          4.576           435048.056      6478568.097     0.20      
290.00    1.24      293.03    289.99    -2.163          4.654           435047.858      6478568.176     0.21      
300.00    1.20      293.20    299.99    -2.359          4.738           435047.663      6478568.259     0.12      
310.00    1.19      294.42    309.99    -2.550          4.822           435047.472      6478568.343     0.08      
320.00    1.15      292.81    319.98    -2.737          4.904           435047.285      6478568.425     0.16      
330.00    1.12      290.98    329.98    -2.921          4.978           435047.101      6478568.499     0.14      
340.00    1.10      290.84    339.98    -3.102          5.047           435046.920      6478568.568     0.06      
350.00    1.08      288.68    349.98    -3.281          5.111           435046.741      6478568.632     0.14      
360.00    1.07      287.43    359.98    -3.459          5.169           435046.563      6478568.691     0.08      
370.00    1.10      286.47    369.97    -3.640          5.225           435046.382      6478568.746     0.11      
380.00    1.19      289.32    379.97    -3.830          5.286           435046.192      6478568.807     0.32      
390.00    1.33      294.68    389.97    -4.034          5.369           435045.989      6478568.890     0.55      
400.00    1.73      303.22    399.97    -4.265          5.500           435045.757      6478569.021     1.38      
410.00    1.86      305.68    409.96    -4.523          5.677           435045.499      6478569.199     0.45      
420.00    1.89      306.23    419.96    -4.788          5.870           435045.234      6478569.391     0.10      
430.00    1.96      306.14    429.95    -5.059          6.068           435044.963      6478569.589     0.21      
440.00    1.99      306.93    439.94    -5.336          6.273           435044.686      6478569.794     0.12      
450.00    2.01      307.01    449.94    -5.615          6.483           435044.408      6478570.004     0.06      
460.00    1.99      307.09    459.93    -5.894          6.693           435044.129      6478570.214     0.06      
470.00    2.03      307.66    469.93    -6.172          6.906           435043.851      6478570.427     0.13      
480.00    2.06      308.33    479.92    -6.454          7.126           435043.570      6478570.646     0.12      
490.00    2.05      307.74    489.91    -6.736          7.347           435043.287      6478570.867     0.07      
500.00    2.10      310.18    499.91    -7.017          7.574           435043.006      6478571.095     0.30      
510.00    2.11      309.44    509.90    -7.300          7.810           435042.724      6478571.330     0.09      
520.00    2.12      308.88    519.89    -7.586          8.043           435042.438      6478571.563     0.07      
530.00    2.09      308.61    529.89    -7.872          8.273           435042.151      6478571.793     0.09      
540.00    2.13      310.13    539.88    -8.157          8.506           435041.867      6478572.026     0.21      
550.00    2.13      309.28    549.87    -8.443          8.744           435041.581      6478572.264     0.09      
560.00    2.12      309.17    559.87    -8.730          8.978           435041.294      6478572.498     0.03      
570.00    2.13      309.03    569.86    -9.018          9.212           435041.006      6478572.732     0.03      
580.00    2.16      309.02    579.85    -9.308          9.448           435040.716      6478572.967     0.09      
590.00    2.14      309.85    589.85    -9.598          9.686           435040.426      6478573.205     0.11      
600.00    2.18      309.02    599.84    -9.889          9.925           435040.135      6478573.445     0.15      
610.00    2.15      308.45    609.83    -10.184         10.162          435039.840      6478573.681     0.11      
620.00    2.13      307.49    619.82    -10.478         10.391          435039.546      6478573.911     0.12      
630.00    2.01      302.74    629.82    -10.773         10.599          435039.251      6478574.119     0.63      
640.00    1.68      284.45    639.81    -11.063         10.731          435038.962      6478574.250     2.01      
650.00    1.63      275.56    649.81    -11.346         10.781          435038.679      6478574.300     0.78      
660.00    1.66      272.60    659.80    -11.633         10.801          435038.392      6478574.321     0.27      
670.00    1.79      276.80    669.80    -11.932         10.827          435038.093      6478574.346     0.54      
680.00    2.11      265.05    679.79    -12.271         10.829          435037.754      6478574.348     1.53      
690.00    2.45      259.38    689.79    -12.664         10.774          435037.361      6478574.293     1.22      
700.00    2.77      256.59    699.78    -13.109         10.678          435036.916      6478574.198     1.03      
710.00    3.19      251.91    709.76    -13.609         10.536          435036.417      6478574.055     1.46      
720.00    4.01      244.94    719.74    -14.190         10.301          435035.836      6478573.821     2.78      
730.00    4.67      241.67    729.71    -14.865         9.960           435035.161      6478573.480     2.11      
740.00    5.38      239.18    739.67    -15.626         9.527           435034.400      6478573.046     2.23      
750.00    6.03      237.66    749.63    -16.473         9.006           435033.554      6478572.526     2.00      
760.00    6.89      236.29    759.56    -17.415         8.392           435032.612      6478571.912     2.62      
770.00    7.68      235.54    769.48    -18.465         7.681           435031.562      6478571.201     2.39      
780.00    8.37      235.75    779.38    -19.618         6.893           435030.410      6478570.414     2.07      
790.00    9.33      235.86    789.26    -20.890         6.028           435029.138      6478569.549     2.88      
800.00    10.21     236.82    799.12    -22.303         5.089           435027.726      6478568.610     2.68      
810.00    10.79     237.99    808.95    -23.839         4.107           435026.191      6478567.629     1.85      
820.00    11.33     239.39    818.77    -25.478         3.111           435024.552      6478566.633     1.81      
830.00    11.93     242.49    828.56    -27.240         2.133           435022.790      6478565.656     2.60      
840.00    12.31     246.06    838.34    -29.131         1.223           435020.900      6478564.746     2.52      
850.00    12.52     249.24    848.10    -31.119         0.407           435018.913      6478563.929     2.15      
860.00    12.79     252.71    857.86    -33.189         -0.307          435016.843      6478563.216     2.42      
870.00    12.84     255.52    867.61    -35.322         -0.913          435014.711      6478562.610     1.88      
880.00    12.75     256.87    877.36    -37.473         -1.442          435012.561      6478562.082     0.94      
890.00    12.55     257.29    887.12    -39.607         -1.932          435010.428      6478561.592     0.66      
900.00    12.18     258.31    896.89    -41.700         -2.384          435008.336      6478561.139     1.29      
910.00    11.40     260.19    906.68    -43.707         -2.767          435006.329      6478560.757     2.61      
920.00    10.91     261.87    916.49    -45.617         -3.069          435004.419      6478560.455     1.76      
930.00    10.76     262.94    926.31    -47.481         -3.317          435002.557      6478560.207     0.75      
940.00    10.58     264.05    936.14    -49.320         -3.527          435000.718      6478559.997     0.82      
950.00    10.53     264.50    945.97    -51.143         -3.710          434998.896      6478559.814     0.29      
960.00    10.52     265.36    955.80    -52.962         -3.871          434997.077      6478559.653     0.47      
970.00    10.48     266.01    965.63    -54.779         -4.009          434995.261      6478559.516     0.38      
980.00    10.36     267.69    975.47    -56.585         -4.108          434993.455      6478559.416     0.98      
990.00    10.31     270.33    985.31    -58.378         -4.139          434991.663      6478559.385     1.43      
1000.00   10.29     272.52    995.14    -60.166         -4.095          434989.876      6478559.430     1.18      
1010.00   10.34     273.32    1004.98   -61.954         -4.004          434988.089      6478559.521     0.46      
1020.00   10.39     274.63    1014.82   -63.749         -3.879          434986.295      6478559.646     0.72      
1030.00   10.48     275.34    1024.65   -65.553         -3.721          434984.491      6478559.803     0.47      
1040.00   10.47     275.48    1034.49   -67.363         -3.550          434982.682      6478559.974     0.08      
1050.00   10.49     275.78    1044.32   -69.173         -3.371          434980.872      6478560.153     0.17      
1060.00   10.66     277.07    1054.15   -70.997         -3.166          434979.049      6478560.358     0.87      
1070.00   11.01     278.92    1063.97   -72.858         -2.904          434977.189      6478560.620     1.48      
1080.00   11.46     281.15    1073.78   -74.776         -2.564          434975.271      6478560.960     1.88      
1090.00   12.02     283.68    1083.57   -76.762         -2.125          434973.285      6478561.398     2.28      
1100.00   13.04     287.32    1093.33   -78.851         -1.543          434971.197      6478561.980     3.87      
1110.00   14.19     289.87    1103.05   -81.081         -0.791          434968.968      6478562.732     3.89      
1120.00   15.14     291.09    1112.73   -83.452         0.096           434966.598      6478563.619     3.00      
1130.00   16.29     291.76    1122.35   -85.973         1.086           434964.078      6478564.608     3.49      
1140.00   18.12     291.94    1131.91   -88.718         2.187           434961.333      6478565.709     5.49      
1150.00   19.37     291.62    1141.37   -91.703         3.379           434958.350      6478566.900     3.76      
1160.00   20.20     291.03    1150.78   -94.856         4.609           434955.198      6478568.131     2.56      
1170.00   20.94     290.28    1160.15   -98.143         5.848           434951.912      6478569.369     2.36      
1180.00   21.74     288.95    1169.46   -101.571        7.069           434948.485      6478570.590     2.80      
1190.00   22.06     288.24    1178.74   -105.107        8.258           434944.951      6478571.778     1.25      
1200.00   22.30     287.56    1188.00   -108.699        9.418           434941.360      6478572.938     1.05      
1210.00   22.53     286.61    1197.24   -112.344        10.538          434937.716      6478574.058     1.29      
1220.00   22.78     285.44    1206.47   -116.046        11.602          434934.016      6478575.121     1.55      
1230.00   22.91     284.77    1215.69   -119.794        12.613          434930.269      6478576.132     0.87      
1240.00   22.99     284.46    1224.90   -123.567        13.597          434926.497      6478577.115     0.43      
1250.00   23.10     284.53    1234.10   -127.357        14.577          434922.708      6478578.095     0.34      
1260.00   23.02     284.46    1243.30   -131.149        15.557          434918.917      6478579.075     0.25      
1270.00   22.40     284.23    1252.52   -134.889        16.514          434915.178      6478580.031     1.88      
1280.00   22.06     284.22    1261.78   -138.557        17.444          434911.512      6478580.960     1.02      
1290.00   21.49     284.19    1271.07   -142.153        18.354          434907.917      6478581.870     1.71      
1300.00   20.95     283.85    1280.39   -145.665        19.231          434904.407      6478582.747     1.66      
1310.00   20.83     283.60    1289.73   -149.128        20.077          434900.944      6478583.593     0.45      
1320.00   20.85     283.68    1299.08   -152.586        20.916          434897.488      6478584.432     0.10      
1330.00   21.02     283.73    1308.42   -156.057        21.762          434894.018      6478585.278     0.51      
1340.00   21.31     283.42    1317.74   -159.567        22.610          434890.510      6478586.125     0.93      
1350.00   21.61     283.17    1327.05   -163.127        23.451          434886.951      6478586.966     0.94      
1360.00   21.97     282.58    1336.33   -166.746        24.278          434883.333      6478587.793     1.26      
1370.00   22.45     281.18    1345.59   -170.445        25.056          434879.635      6478588.570     2.14      
1380.00   23.22     278.29    1354.81   -174.269        25.710          434875.813      6478589.224     4.08      
1390.00   23.84     276.25    1363.98   -178.229        26.214          434871.854      6478589.728     3.07      
1400.00   24.53     274.57    1373.10   -182.307        26.600          434867.778      6478590.114     2.92      
1410.00   25.42     271.77    1382.17   -186.522        26.832          434863.564      6478590.345     4.44      
1420.00   26.38     269.11    1391.16   -190.888        26.863          434859.199      6478590.377     4.52      
1430.00   27.21     266.65    1400.09   -195.392        26.695          434854.697      6478590.209     4.16      
1440.00   27.94     264.45    1408.95   -200.007        26.335          434850.084      6478589.849     3.76      
1450.00   28.74     261.88    1417.75   -204.719        25.769          434845.374      6478589.283     4.38      
1460.00   29.48     260.21    1426.49   -209.524        25.011          434840.570      6478588.525     3.30      
1470.00   29.92     259.85    1435.18   -214.403        24.153          434835.692      6478587.668     1.42      
1480.00   30.40     259.60    1443.82   -219.347        23.257          434830.750      6478586.772     1.49      
1490.00   31.22     259.49    1452.41   -224.384        22.327          434825.715      6478585.842     2.47      
1500.00   31.87     259.45    1460.93   -229.527        21.371          434820.574      6478584.887     1.95      
1510.00   32.35     259.26    1469.40   -234.751        20.389          434815.351      6478583.905     1.47      
1520.00   32.72     259.31    1477.84   -240.036        19.389          434810.069      6478582.905     1.11      
1530.00   33.21     259.32    1486.23   -245.383        18.380          434804.724      6478581.897     1.47      
1540.00   33.41     259.40    1494.58   -250.780        17.366          434799.328      6478580.883     0.61      
1550.00   33.61     259.49    1502.92   -256.207        16.355          434793.903      6478579.872     0.62      
1560.00   33.95     259.53    1511.23   -261.674        15.343          434788.438      6478578.860     1.02      
1570.00   34.05     259.37    1519.52   -267.172        14.319          434782.942      6478577.837     0.40      
1580.00   34.02     258.98    1527.81   -272.669        13.268          434777.447      6478576.786     0.66      
1590.00   34.03     258.75    1536.10   -278.159        12.187          434771.958      6478575.706     0.39      
1600.00   33.97     258.48    1544.39   -283.641        11.083          434766.478      6478574.603     0.49      
1610.00   34.00     258.45    1552.68   -289.118        9.966           434761.004      6478573.485     0.10      
1620.00   34.20     258.47    1560.96   -294.611        8.844           434755.512      6478572.364     0.60      
1630.00   34.38     258.36    1569.22   -300.130        7.713           434749.995      6478571.233     0.57      
1640.00   34.44     258.17    1577.47   -305.663        6.563           434744.464      6478570.084     0.37      
1650.00   34.42     257.88    1585.72   -311.194        5.390           434738.935      6478568.911     0.50      
1660.00   34.35     257.77    1593.97   -316.715        4.199           434733.417      6478567.721     0.28      
1670.00   34.31     257.67    1602.23   -322.225        3.000           434727.908      6478566.522     0.21      
1680.00   34.23     257.70    1610.49   -327.726        1.799           434722.409      6478565.321     0.25      
1690.00   34.23     257.66    1618.76   -333.222        0.598           434716.915      6478564.121     0.07      
1700.00   34.30     257.68    1627.03   -338.722        -0.604          434711.416      6478562.919     0.21      
1710.00   34.41     257.59    1635.28   -344.235        -1.812          434705.906      6478561.711     0.36      
1720.00   34.04     257.50    1643.55   -349.727        -3.025          434700.416      6478560.499     1.12      
1730.00   33.09     257.75    1651.88   -355.127        -4.210          434695.018      6478559.314     2.88      
1740.00   32.35     258.27    1660.30   -360.414        -5.333          434689.732      6478558.191     2.37      
1750.00   31.64     258.71    1668.78   -365.606        -6.391          434684.542      6478557.134     2.24      
1760.00   30.59     259.30    1677.34   -370.679        -7.377          434679.471      6478556.149     3.28      
1770.00   29.68     259.79    1685.99   -375.616        -8.288          434674.536      6478555.238     2.83      
1780.00   29.07     260.04    1694.70   -380.445        -9.147          434669.708      6478554.379     1.87      
1790.00   28.52     260.12    1703.46   -385.190        -9.977          434664.965      6478553.549     1.65      
1800.00   27.54     260.26    1712.29   -389.820        -10.778         434660.336      6478552.749     2.95      
1810.00   26.37     260.65    1721.21   -394.290        -11.530         434655.868      6478551.997     3.55      
1820.00   25.69     260.79    1730.19   -398.621        -12.237         434651.539      6478551.290     2.05      
1830.00   25.10     261.16    1739.22   -402.857        -12.910         434647.305      6478550.617     1.83      
1840.00   24.31     261.30    1748.31   -406.987        -13.548         434643.176      6478549.980     2.38      
1850.00   23.40     261.24    1757.45   -410.984        -14.161         434639.180      6478549.367     2.73      
1860.00   22.79     260.74    1766.65   -414.859        -14.776         434635.307      6478548.753     1.92      
1870.00   21.92     260.49    1775.90   -418.611        -15.396         434631.556      6478548.133     2.63      
1880.00   20.98     260.58    1785.21   -422.218        -15.997         434627.950      6478547.532     2.82      
1890.00   20.23     261.02    1794.57   -425.692        -16.560         434624.477      6478546.969     2.30      
1900.00   19.65     261.39    1803.97   -429.062        -17.081         434621.108      6478546.447     1.78      
1910.00   19.02     261.79    1813.41   -432.338        -17.566         434617.834      6478545.963     1.93      
1920.00   18.16     262.11    1822.88   -435.494        -18.012         434614.679      6478545.517     2.60      
1930.00   17.32     262.45    1832.41   -438.513        -18.422         434611.660      6478545.107     2.54      
1940.00   16.56     262.81    1841.97   -441.403        -18.796         434608.772      6478544.734     2.30      
1950.00   15.62     263.53    1851.58   -444.155        -19.126         434606.021      6478544.404     2.88      
1960.00   14.58     264.78    1861.24   -446.746        -19.392         434603.431      6478544.138     3.27      
1970.00   13.75     265.49    1870.93   -449.184        -19.600         434600.993      6478543.930     2.54      
1980.00   13.12     265.75    1880.66   -451.501        -19.778         434598.678      6478543.752     1.90      
1990.00   12.11     266.00    1890.42   -453.679        -19.935         434596.500      6478543.595     3.03      
2000.00   10.90     266.44    1900.22   -455.669        -20.067         434594.511      6478543.463     3.64      
2010.00   10.04     267.49    1910.05   -457.483        -20.164         434592.697      6478543.366     2.64      
2020.00   9.28      269.00    1919.91   -459.161        -20.216         434591.020      6478543.314     2.40      
2030.00   8.48      271.02    1929.79   -460.704        -20.217         434589.477      6478543.313     2.58      
2040.00   7.52      273.53    1939.69   -462.094        -20.164         434588.088      6478543.366     3.06      
2050.00   6.87      275.05    1949.61   -463.343        -20.071         434586.839      6478543.459     2.03      
2060.00   6.28      277.53    1959.55   -464.481        -19.946         434585.701      6478543.584     1.96      
2070.00   5.66      282.49    1969.49   -465.505        -19.768         434584.678      6478543.762     2.42      
2080.00   5.24      287.86    1979.45   -466.421        -19.521         434583.762      6478544.008     1.98      
2090.00   4.77      293.02    1989.41   -467.238        -19.219         434582.945      6478544.311     1.95      
2100.00   4.19      297.86    1999.38   -467.944        -18.885         434582.240      6478544.644     2.08      
2110.00   3.37      306.50    2009.36   -468.503        -18.540         434581.681      6478544.990     2.99      
2120.00   2.89      317.71    2019.34   -468.909        -18.178         434581.275      6478545.351     2.33      
2130.00   2.79      328.96    2029.33   -469.204        -17.783         434580.980      6478545.746     1.70      
2140.00   2.93      341.18    2039.32   -469.412        -17.333         434580.772      6478546.196     1.87      
2150.00   3.39      355.71    2049.30   -469.517        -16.796         434580.668      6478546.733     2.76      
2160.00   3.94      7.56      2059.28   -469.494        -16.161         434580.691      6478547.368     2.80      
2170.00   4.35      16.27     2069.26   -469.342        -15.456         434580.842      6478548.072     2.25      
2180.00   4.85      25.12     2079.22   -469.057        -14.709         434581.128      6478548.819     2.60      
2190.00   5.41      33.13     2089.18   -468.619        -13.932         434581.565      6478549.596     2.72      
2200.00   6.00      38.53     2099.13   -468.036        -13.128         434582.148      6478550.399     2.39      
2210.00   6.56      42.36     2109.07   -467.326        -12.297         434582.858      6478551.230     2.10      
2220.00   7.30      46.42     2119.00   -466.481        -11.437         434583.703      6478552.090     2.66      
2230.00   8.25      51.54     2128.91   -465.459        -10.553         434584.724      6478552.974     3.52      
2240.00   9.24      55.20     2138.79   -464.237        -9.648          434585.945      6478553.878     3.41      
2250.00   10.14     57.43     2148.65   -462.836        -8.716          434587.346      6478554.810     2.92      
2260.00   11.11     59.85     2158.48   -461.261        -7.759          434588.920      6478555.767     3.20      
2270.00   12.04     61.78     2168.27   -459.509        -6.781          434590.672      6478556.744     3.02      
2280.00   12.77     63.25     2178.04   -457.603        -5.791          434592.577      6478557.734     2.39      
2290.00   13.29     64.43     2187.78   -455.579        -4.797          434594.600      6478558.727     1.75      
2300.00   13.92     65.47     2197.50   -453.448        -3.802          434596.731      6478559.723     2.03      
2310.00   14.69     65.98     2207.19   -451.196        -2.786          434598.982      6478560.738     2.34      
2320.00   15.47     66.14     2216.85   -448.818        -1.731          434601.359      6478561.793     2.34      
2330.00   16.18     66.32     2226.47   -446.322        -0.632          434603.854      6478562.892     2.14      
2340.00   16.93     66.49     2236.06   -443.711        0.509           434606.464      6478564.032     2.25      
2350.00   17.72     66.96     2245.60   -440.975        1.685           434609.199      6478565.208     2.41      
2360.00   18.61     67.36     2255.10   -438.102        2.895           434612.071      6478566.417     2.70      
2370.00   19.52     67.72     2264.55   -435.084        4.143           434615.089      6478567.664     2.75      
2380.00   20.43     68.12     2273.95   -431.918        5.427           434618.253      6478568.948     2.76      
2390.00   21.25     68.32     2283.30   -428.614        6.747           434621.556      6478570.267     2.47      
2400.00   21.92     68.35     2292.60   -425.195        8.105           434624.974      6478571.625     2.01      
2410.00   22.61     68.54     2301.85   -421.672        9.497           434628.496      6478573.016     2.08      
2420.00   23.43     68.67     2311.05   -418.030        10.923          434632.136      6478574.442     2.46      
2430.00   24.36     68.72     2320.20   -414.257        12.395          434635.908      6478575.913     2.79      
2440.00   25.31     68.55     2329.27   -410.345        13.925          434639.818      6478577.443     2.86      
2450.00   26.29     68.14     2338.28   -406.300        15.531          434643.862      6478579.049     2.99      
2460.00   27.23     67.77     2347.20   -402.127        17.221          434648.034      6478580.738     2.86      
2470.00   28.23     67.35     2356.06   -397.827        18.998          434652.333      6478582.514     3.06      
2480.00   29.08     67.17     2364.83   -393.404        20.851          434656.754      6478584.367     2.56      
2490.00   30.08     67.26     2373.53   -388.853        22.763          434661.303      6478586.278     3.00      
2500.00   31.02     67.18     2382.14   -384.167        24.731          434665.988      6478588.246     2.82      
2510.00   31.64     67.35     2390.68   -379.371        26.741          434670.782      6478590.254     1.88      
2520.00   32.15     67.45     2399.17   -374.493        28.771          434675.658      6478592.284     1.54      
2530.00   32.87     67.45     2407.60   -369.530        30.832          434680.620      6478594.344     2.16      
2540.00   34.06     67.96     2415.95   -364.428        32.924          434685.720      6478596.435     3.67      
2550.00   35.36     68.34     2424.17   -359.142        35.043          434691.004      6478598.553     3.95      
2560.00   36.24     68.58     2432.28   -353.701        37.190          434696.443      6478600.700     2.67      
2570.00   36.93     68.78     2440.31   -348.149        39.357          434701.993      6478602.866     2.10      
2580.00   37.65     69.24     2448.26   -342.493        41.527          434707.648      6478605.036     2.32      
2590.00   38.72     69.89     2456.12   -336.700        43.685          434713.439      6478607.193     3.43      
2600.00   39.63     70.21     2463.88   -330.762        45.840          434719.374      6478609.347     2.80      
2610.00   40.65     70.61     2471.52   -324.688        48.001          434725.446      6478611.508     3.16      
2620.00   41.83     70.90     2479.04   -318.465        50.174          434731.667      6478613.679     3.59      
2630.00   42.86     71.07     2486.43   -312.096        52.368          434738.033      6478615.873     3.11      
2640.00   43.82     71.09     2493.70   -305.604        54.594          434744.523      6478618.098     2.88      
2650.00   44.66     71.19     2500.87   -299.002        56.849          434751.123      6478620.352     2.53      
2660.00   45.66     71.46     2507.92   -292.285        59.119          434757.838      6478622.622     3.05      
2670.00   46.60     71.56     2514.85   -285.448        61.406          434764.673      6478624.907     2.83      
2680.00   47.52     71.56     2521.66   -278.503        63.721          434771.615      6478627.222     2.76      
2690.00   48.39     71.54     2528.36   -271.459        66.071          434778.657      6478629.571     2.61      
2700.00   49.32     71.53     2534.94   -264.316        68.456          434785.797      6478631.956     2.79      
2710.00   50.34     71.46     2541.39   -257.070        70.882          434793.041      6478634.380     3.06      
2720.00   51.38     71.42     2547.70   -249.717        73.350          434800.391      6478636.848     3.12      
2730.00   52.35     71.31     2553.88   -242.264        75.864          434807.841      6478639.360     2.92      
2740.00   53.31     71.23     2559.92   -234.718        78.423          434815.385      6478641.918     2.89      
2750.00   54.04     71.20     2565.84   -227.090        81.017          434823.010      6478644.512     2.19      
2760.00   54.76     71.18     2571.66   -219.393        83.639          434830.704      6478647.132     2.16      
2770.00   55.47     71.06     2577.38   -211.632        86.293          434838.463      6478649.786     2.15      
2780.00   56.24     70.96     2582.99   -203.806        88.986          434846.286      6478652.478     2.32      
2790.00   57.17     70.96     2588.48   -195.905        91.713          434854.184      6478655.204     2.79      
2800.00   58.13     70.96     2593.83   -187.919        94.469          434862.167      6478657.959     2.88      
2810.00   59.11     70.95     2599.04   -179.849        97.255          434870.234      6478660.744     2.94      
2820.00   60.00     70.91     2604.11   -171.701        100.071         434878.379      6478663.559     2.67      
2830.00   60.84     71.02     2609.04   -163.480        102.908         434886.598      6478666.395     2.54      
2840.00   61.65     71.09     2613.86   -155.188        105.754         434894.887      6478669.240     2.44      
2850.00   62.04     71.20     2618.57   -146.845        108.603         434903.227      6478672.088     1.21      
2860.00   62.00     71.29     2623.27   -138.483        111.443         434911.587      6478674.927     0.27      
2870.00   62.16     71.37     2627.95   -130.112        114.271         434919.955      6478677.754     0.52      
2880.00   62.42     71.39     2632.60   -121.722        117.098         434928.341      6478680.580     0.78      
2890.00   63.01     71.26     2637.18   -113.302        119.944         434936.758      6478683.425     1.80      
2900.00   63.81     71.08     2641.66   -104.839        122.830         434945.219      6478686.310     2.45      
2910.00   64.47     70.91     2646.02   -96.331         125.760         434953.724      6478689.239     2.03      
2920.00   65.09     70.74     2650.28   -87.786         128.732         434962.266      6478692.210     1.92      
2930.00   65.71     70.57     2654.44   -79.207         131.744         434970.842      6478695.221     1.92      
2940.00   66.31     70.47     2658.51   -70.594         134.790         434979.452      6478698.266     1.82      
2950.00   66.97     70.24     2662.47   -61.948         137.877         434988.095      6478701.352     2.08      
2960.00   67.89     69.92     2666.31   -53.266         141.023         434996.773      6478704.497     2.90      
2970.00   69.05     69.83     2669.98   -44.532         144.223         435005.504      6478707.696     3.49      
2980.00   70.33     69.78     2673.45   -35.731         147.461         435014.303      6478710.933     3.84      
2990.00   71.42     69.90     2676.73   -26.862         150.717         435023.169      6478714.188     3.29      
3000.00   72.46     70.25     2679.83   -17.924         153.957         435032.104      6478717.426     3.28      
3010.00   73.71     70.55     2682.74   -8.911          157.166         435041.113      6478720.634     3.85      
3020.00   75.14     70.73     2685.42   0.177           160.359         435050.198      6478723.827     4.32      
3030.00   76.59     70.80     2687.87   9.333           163.554         435059.350      6478727.020     4.35      
3040.00   77.77     70.82     2690.08   18.542          166.759         435068.556      6478730.224     3.54      
3050.00   78.92     70.81     2692.10   27.791          169.977         435077.803      6478733.441     3.45      
3060.00   80.10     70.77     2693.93   37.076          173.213         435087.084      6478736.675     3.54      
3070.00   81.65     70.44     2695.51   46.389          176.491         435096.394      6478739.953     4.75      
3080.00   82.12     70.30     2696.92   55.714          179.817         435105.715      6478743.278     1.47      
3090.00   81.91     70.14     2698.31   65.033          183.168         435115.031      6478746.628     0.79      
3100.00   81.84     70.03     2699.73   74.340          186.540         435124.335      6478749.999     0.39      
3110.00   81.98     69.86     2701.13   83.640          189.936         435133.632      6478753.392     0.66      
3120.00   82.05     69.69     2702.52   92.933          193.359         435142.921      6478756.815     0.55      
3130.00   81.99     69.51     2703.91   102.215         196.811         435152.200      6478760.266     0.56      
3140.00   81.99     69.35     2705.30   111.486         200.290         435161.468      6478763.744     0.48      
3150.00   82.01     69.28     2706.70   120.750         203.788         435170.729      6478767.240     0.22      
3160.00   81.88     69.24     2708.10   130.010         207.295         435179.986      6478770.745     0.41      
3170.00   82.01     69.15     2709.50   139.266         210.811         435189.238      6478774.261     0.47      
3180.00   81.92     69.04     2710.90   148.516         214.345         435198.485      6478777.793     0.42      
3190.00   82.09     69.01     2712.29   157.762         217.889         435207.728      6478781.337     0.52      
3200.00   82.06     68.89     2713.66   167.006         221.447         435216.969      6478784.893     0.37      
3210.00   81.96     68.85     2715.05   176.243         225.017         435226.202      6478788.461     0.32      
3220.00   82.00     68.99     2716.45   185.482         228.578         435235.439      6478792.022     0.43      
3230.00   82.13     69.12     2717.83   194.732         232.119         435244.685      6478795.561     0.55      
3240.00   82.11     69.16     2719.20   203.989         235.646         435253.938      6478799.087     0.13      
3250.00   82.23     69.11     2720.56   213.246         239.175         435263.192      6478802.614     0.39      
3260.00   82.28     69.06     2721.91   222.502         242.712         435272.445      6478806.150     0.21      
3270.00   82.21     69.00     2723.26   231.754         246.258         435281.694      6478809.695     0.28      
3280.00   82.08     68.95     2724.63   241.000         249.812         435290.937      6478813.248     0.42      
3290.00   81.99     68.93     2726.01   250.242         253.371         435300.176      6478816.805     0.28      
3300.00   82.04     68.95     2727.40   259.484         256.929         435309.415      6478820.363     0.16      
3310.00   81.94     68.96     2728.80   268.726         260.485         435318.653      6478823.918     0.30      
3320.00   81.80     68.90     2730.21   277.964         264.044         435327.888      6478827.475     0.46      
3330.00   82.01     68.84     2731.62   287.198         267.613         435337.119      6478831.043     0.65      
3340.00   82.17     68.78     2732.99   296.433         271.193         435346.351      6478834.622     0.51      
3350.00   81.90     68.62     2734.38   305.660         274.791         435355.575      6478838.218     0.94      
3360.00   81.85     68.50     2735.79   314.875         278.409         435364.786      6478841.835     0.39      
3370.00   82.00     68.44     2737.20   324.085         282.043         435373.993      6478845.468     0.48      
3380.00   82.09     68.40     2738.58   333.295         285.686         435383.199      6478849.109     0.29      
3390.00   82.03     68.37     2739.96   342.502         289.334         435392.404      6478852.756     0.20      
3400.00   82.00     68.36     2741.35   351.708         292.985         435401.606      6478856.406     0.09      
3410.00   82.18     68.34     2742.73   360.914         296.639         435410.809      6478860.059     0.54      
3420.00   82.26     68.29     2744.08   370.121         300.300         435420.013      6478863.719     0.28      
3430.00   82.10     68.21     2745.44   379.322         303.971         435429.211      6478867.389     0.54      
3440.00   82.21     68.15     2746.81   388.519         307.654         435438.405      6478871.069     0.38      
3450.00   82.16     68.12     2748.17   397.713         311.343         435447.596      6478874.758     0.17      
3460.00   81.96     68.09     2749.55   406.903         315.037         435456.782      6478878.450     0.61      
3470.00   81.97     68.17     2750.95   416.092         318.725         435465.968      6478882.137     0.24      
3480.00   81.63     68.24     2752.37   425.283         322.400         435475.155      6478885.811     1.04      
3490.00   80.95     68.38     2753.89   434.467         326.053         435484.337      6478889.463     2.08      
3500.00   80.72     68.39     2755.48   443.645         329.690         435493.512      6478893.098     0.69      
3510.00   80.48     68.65     2757.11   452.826         333.302         435502.689      6478896.709     1.05      
3520.00   80.50     68.76     2758.77   462.015         336.884         435511.875      6478900.290     0.33      
3530.00   80.61     68.77     2760.41   471.210         340.457         435521.067      6478903.861     0.33      
3540.00   80.52     68.82     2762.05   480.407         344.025         435530.260      6478907.428     0.31      
3550.00   80.35     68.89     2763.71   489.604         347.582         435539.454      6478910.984     0.55      
3560.00   80.50     68.87     2765.37   498.802         351.135         435548.649      6478914.536     0.45      
3570.00   80.58     68.90     2767.01   508.004         354.689         435557.848      6478918.088     0.26      
3580.00   80.42     68.99     2768.67   517.208         358.232         435567.049      6478921.630     0.55      
3590.00   80.46     69.04     2770.33   526.415         361.764         435576.253      6478925.161     0.19      
3600.00   80.54     68.94     2771.98   535.622         365.300         435585.457      6478928.695     0.38      
3610.00   80.22     69.14     2773.65   544.829         368.827         435594.660      6478932.221     1.13      
3620.00   80.24     69.36     2775.34   554.045         372.318         435603.873      6478935.711     0.65      
3630.00   80.43     69.43     2777.02   563.272         375.787         435613.097      6478939.179     0.61      
3640.00   80.30     69.73     2778.70   572.512         379.227         435622.333      6478942.618     0.97      
3650.00   80.35     69.81     2780.38   581.761         382.636         435631.580      6478946.026     0.28      
3660.00   80.42     69.74     2782.05   591.013         386.044         435640.828      6478949.433     0.29      
3670.00   80.43     69.80     2783.71   600.265         389.454         435650.077      6478952.841     0.18      
3680.00   80.39     69.88     2785.38   609.522         392.852         435659.330      6478956.239     0.27      
3690.00   80.38     69.85     2787.05   618.779         396.246         435668.584      6478959.631     0.09      
3700.00   80.36     69.82     2788.72   628.033         399.645         435677.835      6478963.029     0.11      
3710.00   80.05     69.67     2790.42   637.278         403.057         435687.077      6478966.439     1.03      
3720.00   79.41     69.50     2792.20   646.500         406.489         435696.296      6478969.870     1.98      
3730.00   78.41     69.49     2794.13   655.691         409.926         435705.484      6478973.306     3.00      
3740.00   77.22     69.40     2796.24   664.843         413.358         435714.633      6478976.737     3.58      
3750.00   76.04     69.30     2798.55   673.947         416.789         435723.733      6478980.167     3.55      
3760.00   74.90     69.36     2801.06   683.004         420.206         435732.787      6478983.583     3.42      
3770.00   73.85     69.31     2803.75   692.015         423.604         435741.795      6478986.980     3.15      
3780.00   73.03     69.26     2806.60   700.980         426.995         435750.757      6478990.369     2.46      
3790.00   72.47     69.25     2809.57   709.911         430.378         435759.685      6478993.751     1.68      
3800.00   71.61     69.19     2812.65   718.805         433.753         435768.576      6478997.124     2.59      
3810.00   70.48     69.27     2815.90   727.648         437.106         435777.416      6479000.477     3.40      
3820.00   69.58     69.29     2819.32   736.439         440.432         435786.203      6479003.801     2.70      
3830.00   68.80     69.31     2822.87   745.183         443.736         435794.944      6479007.104     2.34      
3840.00   67.90     69.34     2826.56   753.879         447.017         435803.637      6479010.385     2.70      
3850.00   66.71     69.30     2830.42   762.510         450.275         435812.265      6479013.642     3.57      
3860.00   65.24     69.25     2834.49   771.052         453.507         435820.805      6479016.873     4.41      
3870.00   64.00     69.31     2838.77   779.503         456.704         435829.252      6479020.068     3.72      
3880.00   62.93     69.32     2843.24   787.872         459.864         435837.619      6479023.227     3.21      
3890.00   62.00     69.27     2847.86   796.167         462.999         435845.910      6479026.361     2.79      
3900.00   61.38     69.32     2852.61   804.402         466.112         435854.143      6479029.473     1.86      
3910.00   60.74     69.51     2857.44   812.595         469.189         435862.333      6479032.548     1.98      
3920.00   59.52     69.66     2862.43   820.721         472.214         435870.456      6479035.572     3.68      
3930.00   58.14     69.69     2867.60   828.745         475.186         435878.477      6479038.543     4.14      
3940.00   57.12     69.84     2872.95   836.669         478.107         435886.399      6479041.463     3.08      
3950.00   56.28     70.00     2878.44   844.519         480.976         435894.246      6479044.332     2.55      
3960.00   54.90     69.99     2884.10   852.272         483.799         435901.996      6479047.153     4.14      
3970.00   53.50     69.87     2889.95   859.889         486.582         435909.611      6479049.935     4.21      
3980.00   52.22     69.90     2895.98   867.375         489.323         435917.094      6479052.676     3.84      
3990.00   51.08     69.89     2902.19   874.739         492.019         435924.455      6479055.371     3.42      
4000.00   50.05     69.86     2908.54   881.991         494.676         435931.705      6479058.027     3.09      
4010.00   49.03     69.84     2915.03   889.134         497.297         435938.845      6479060.647     3.06      
4020.00   48.09     69.70     2921.65   896.168         499.890         435945.876      6479063.238     2.84      
4030.00   47.48     69.62     2928.37   903.112         502.464         435952.818      6479065.812     1.84      
4040.00   46.81     69.64     2935.17   909.984         505.016         435959.688      6479068.363     2.01      
4050.00   45.82     69.65     2942.07   916.764         507.531         435966.466      6479070.877     2.97      
4060.00   44.94     69.72     2949.10   923.439         510.002         435973.139      6479073.347     2.64      
4070.00   44.29     69.74     2956.22   930.028         512.435         435979.725      6479075.780     1.95      
4080.00   43.56     69.74     2963.42   936.536         514.837         435986.230      6479078.181     2.19      
4090.00   42.72     69.75     2970.72   942.951         517.205         435992.643      6479080.548     2.52      
4100.00   41.73     69.94     2978.12   949.259         519.520         435998.950      6479082.862     2.99      
4110.00   40.74     70.30     2985.64   955.458         521.762         436005.146      6479085.103     3.05      
4120.00   39.82     70.61     2993.27   961.550         523.925         436011.236      6479087.266     2.82      
4130.00   38.90     70.74     3001.00   967.535         526.024         436017.219      6479089.364     2.77      
4140.00   38.08     70.89     3008.83   973.413         528.069         436023.095      6479091.408     2.48      
4150.00   36.96     71.48     3016.76   979.178         530.034         436028.857      6479093.372     3.53      
4160.00   35.94     71.37     3024.80   984.809         531.926         436034.487      6479095.264     3.07      
4170.00   34.79     71.34     3032.96   990.293         533.776         436039.969      6479097.114     3.45      
4180.00   33.64     71.21     3041.23   995.619         535.581         436045.293      6479098.918     3.46      
4190.00   32.56     70.76     3049.60   1000.782        537.360         436050.454      6479100.696     3.32      
4200.00   31.64     70.45     3058.08   1005.794        539.125         436055.465      6479102.460     2.80      
4210.00   30.37     70.12     3066.65   1010.643        540.862         436060.312      6479104.197     3.84      
4220.00   29.35     69.94     3075.32   1015.323        542.563         436064.990      6479105.897     3.07      
4230.00   28.50     70.26     3084.07   1019.870        544.209         436069.536      6479107.542     2.59      
4240.00   27.80     70.02     3092.89   1024.308        545.812         436073.972      6479109.144     2.13      
4250.00   26.78     69.86     3101.77   1028.614        547.384         436078.277      6479110.716     3.07      
4260.00   25.77     69.78     3110.74   1032.769        548.911         436082.430      6479112.243     3.03      
4270.00   24.74     70.00     3119.79   1036.776        550.378         436086.435      6479113.710     3.10      
4280.00   23.95     70.34     3128.90   1040.653        551.777         436090.312      6479115.108     2.41      
4290.00   22.81     70.82     3138.08   1044.396        553.097         436094.053      6479116.427     3.47      
4300.00   21.59     71.26     3147.33   1047.969        554.324         436097.625      6479117.654     3.69      
4310.00   20.38     71.80     3156.67   1051.365        555.459         436101.020      6479118.789     3.68      
4320.00   18.96     72.01     3166.09   1054.565        556.505         436104.218      6479119.834     4.27      
4330.00   17.51     72.38     3175.58   1057.544        557.462         436107.196      6479120.791     4.36      
4340.00   16.53     72.96     3185.15   1060.338        558.335         436109.989      6479121.663     2.98      
4350.00   15.74     72.80     3194.75   1062.994        559.152         436112.644      6479122.481     2.37      
4360.00   14.89     72.28     3204.40   1065.513        559.945         436115.163      6479123.273     2.58      
4370.00   14.10     71.87     3214.08   1067.895        560.715         436117.544      6479124.042     2.39      
4380.00   13.88     71.95     3223.78   1070.193        561.465         436119.841      6479124.793     0.66      
4390.00   13.86     71.54     3233.49   1072.469        562.216         436122.117      6479125.544     0.30      
4400.00   13.92     71.32     3243.20   1074.745        562.981         436124.391      6479126.308     0.24      
4410.00   13.85     71.37     3252.91   1077.019        563.748         436126.664      6479127.075     0.21      
4420.00   13.80     70.90     3262.62   1079.280        564.521         436128.925      6479127.847     0.37      
4430.00   13.87     70.71     3272.33   1081.538        565.307         436131.182      6479128.633     0.25      
4440.00   13.93     70.12     3282.03   1083.801        566.113         436133.445      6479129.438     0.46      
4450.00   13.81     69.78     3291.74   1086.053        566.934         436135.696      6479130.260     0.44      
4460.00   13.87     69.45     3301.45   1088.296        567.768         436137.937      6479131.093     0.30      
4470.00   13.82     69.64     3311.16   1090.538        568.604         436140.179      6479131.929     0.20      
4480.00   13.91     69.82     3320.87   1092.786        569.434         436142.426      6479132.759     0.30      
4490.00   14.20     69.20     3330.57   1095.060        570.284         436144.700      6479133.609     0.98      
4500.00   14.40     68.64     3340.26   1097.365        571.173         436147.004      6479134.497     0.73      
4510.00   14.36     67.72     3349.95   1099.671        572.096         436149.308      6479135.420     0.70      
4520.00   14.40     66.78     3359.63   1101.961        573.056         436151.598      6479136.380     0.71      
4530.00   14.42     65.95     3369.32   1104.241        574.054         436153.877      6479137.377     0.62      
4540.00   14.47     64.86     3379.00   1106.509        575.092         436156.144      6479138.415     0.83      
4550.70   14.59     63.57     3389.36   1108.926        576.260         436158.560      6479139.582     0.97      
4562.00   14.59     63.57     3400.30   1111.475        577.527         436161.108      6479140.849     0.00      
