MD        Inc       Azim      TVD       X_Offset_EW  Y_Offset_NS  X_COORD         Y_COORD         DLS
m RKB     deg       deg       m RKB     m               m               m               m               deg/30m
145.90    0.00      0.00      145.90    -0.926          4.651           435049.095      6478568.172     0.00      
150.00    0.09      227.76    150.00    -0.929          4.648           435049.093      6478568.170     0.66      
160.00    0.20      225.57    160.00    -0.947          4.631           435049.074      6478568.152     0.33      
170.00    0.19      227.59    170.00    -0.972          4.608           435049.050      6478568.129     0.04      
180.00    0.23      231.32    180.00    -1.000          4.584           435049.022      6478568.105     0.13      
190.00    0.23      233.02    190.00    -1.031          4.559           435048.990      6478568.081     0.02      
200.00    0.22      235.12    200.00    -1.063          4.536           435048.958      6478568.058     0.04      
210.00    0.24      234.55    210.00    -1.096          4.513           435048.925      6478568.034     0.06      
220.00    0.34      239.76    220.00    -1.138          4.486           435048.883      6478568.007     0.31      
230.00    0.42      244.41    230.00    -1.197          4.455           435048.824      6478567.977     0.26      
240.00    0.57      252.51    240.00    -1.278          4.424           435048.744      6478567.946     0.50      
250.00    0.92      274.57    250.00    -1.405          4.416           435048.616      6478567.937     1.34      
260.00    1.13      286.19    260.00    -1.580          4.450           435048.442      6478567.971     0.88      
270.00    1.16      287.83    269.99    -1.771          4.508           435048.251      6478568.030     0.13      
280.00    1.20      290.33    279.99    -1.965          4.576           435048.056      6478568.097     0.20      
290.00    1.24      293.03    289.99    -2.163          4.654           435047.858      6478568.176     0.21      
300.00    1.20      293.20    299.99    -2.359          4.738           435047.663      6478568.259     0.12      
310.00    1.19      294.42    309.99    -2.550          4.822           435047.472      6478568.343     0.08      
320.00    1.15      292.81    319.98    -2.737          4.904           435047.285      6478568.425     0.16      
330.00    1.12      290.98    329.98    -2.921          4.978           435047.101      6478568.499     0.14      
340.00    1.10      290.84    339.98    -3.102          5.047           435046.920      6478568.568     0.06      
350.00    1.08      288.68    349.98    -3.281          5.111           435046.741      6478568.632     0.14      
360.00    1.07      287.43    359.98    -3.459          5.169           435046.563      6478568.691     0.08      
370.00    1.10      286.47    369.97    -3.640          5.225           435046.382      6478568.746     0.11      
380.00    1.19      289.32    379.97    -3.830          5.286           435046.192      6478568.807     0.32      
390.00    1.33      294.68    389.97    -4.034          5.369           435045.989      6478568.890     0.55      
400.00    1.73      303.22    399.97    -4.265          5.500           435045.757      6478569.021     1.38      
410.00    1.86      305.68    409.96    -4.523          5.677           435045.499      6478569.199     0.45      
420.00    1.89      306.23    419.96    -4.788          5.870           435045.234      6478569.391     0.10      
430.00    1.96      306.14    429.95    -5.059          6.068           435044.963      6478569.589     0.21      
440.00    1.99      306.93    439.94    -5.336          6.273           435044.686      6478569.794     0.12      
450.00    2.01      307.01    449.94    -5.615          6.483           435044.408      6478570.004     0.06      
460.00    1.99      307.09    459.93    -5.894          6.693           435044.129      6478570.214     0.06      
470.00    2.03      307.66    469.93    -6.172          6.906           435043.851      6478570.427     0.13      
480.00    2.06      308.33    479.92    -6.454          7.126           435043.570      6478570.646     0.12      
490.00    2.05      307.74    489.91    -6.736          7.347           435043.287      6478570.867     0.07      
500.00    2.10      310.18    499.91    -7.017          7.574           435043.006      6478571.095     0.30      
510.00    2.11      309.44    509.90    -7.300          7.810           435042.724      6478571.330     0.09      
520.00    2.12      308.88    519.89    -7.586          8.043           435042.438      6478571.563     0.07      
530.00    2.09      308.61    529.89    -7.872          8.273           435042.151      6478571.793     0.09      
540.00    2.13      310.13    539.88    -8.157          8.506           435041.867      6478572.026     0.21      
550.00    2.13      309.28    549.87    -8.443          8.744           435041.581      6478572.264     0.09      
560.00    2.12      309.17    559.87    -8.730          8.978           435041.294      6478572.498     0.03      
570.00    2.13      309.03    569.86    -9.018          9.212           435041.006      6478572.732     0.03      
580.00    2.16      309.02    579.85    -9.308          9.448           435040.716      6478572.967     0.09      
590.00    2.14      309.85    589.85    -9.598          9.686           435040.426      6478573.205     0.11      
600.00    2.18      309.02    599.84    -9.889          9.925           435040.135      6478573.445     0.15      
610.00    2.15      308.45    609.83    -10.184         10.162          435039.840      6478573.681     0.11      
620.00    2.13      307.49    619.82    -10.478         10.391          435039.546      6478573.911     0.12      
630.00    2.01      302.74    629.82    -10.773         10.599          435039.251      6478574.119     0.63      
640.00    1.68      284.45    639.81    -11.063         10.731          435038.962      6478574.250     2.01      
650.00    1.63      275.56    649.81    -11.346         10.781          435038.679      6478574.300     0.78      
660.00    1.66      272.60    659.80    -11.633         10.801          435038.392      6478574.321     0.27      
670.00    1.79      276.80    669.80    -11.932         10.827          435038.093      6478574.346     0.54      
680.00    2.11      265.05    679.79    -12.271         10.829          435037.754      6478574.348     1.53      
690.00    2.45      259.38    689.79    -12.664         10.774          435037.361      6478574.293     1.22      
700.00    2.77      256.59    699.78    -13.109         10.678          435036.916      6478574.198     1.03      
710.00    3.19      251.91    709.76    -13.609         10.536          435036.417      6478574.055     1.46      
720.00    4.01      244.94    719.74    -14.190         10.301          435035.836      6478573.821     2.78      
730.00    4.67      241.67    729.71    -14.865         9.960           435035.161      6478573.480     2.11      
740.00    5.38      239.18    739.67    -15.626         9.527           435034.400      6478573.046     2.23      
750.00    6.03      237.66    749.63    -16.473         9.006           435033.554      6478572.526     2.00      
760.00    6.89      236.29    759.56    -17.415         8.392           435032.612      6478571.912     2.62      
770.00    7.68      235.54    769.48    -18.465         7.681           435031.562      6478571.201     2.39      
780.00    8.37      235.75    779.38    -19.618         6.893           435030.410      6478570.414     2.07      
790.00    9.33      235.86    789.26    -20.890         6.028           435029.138      6478569.549     2.88      
800.00    10.21     236.82    799.12    -22.303         5.089           435027.726      6478568.610     2.68      
810.00    10.79     237.99    808.95    -23.839         4.107           435026.191      6478567.629     1.85      
820.00    11.33     239.39    818.77    -25.478         3.111           435024.552      6478566.633     1.81      
830.00    11.93     242.49    828.56    -27.240         2.133           435022.790      6478565.656     2.60      
840.00    12.31     246.06    838.34    -29.131         1.223           435020.900      6478564.746     2.52      
850.00    12.52     249.24    848.10    -31.119         0.407           435018.913      6478563.929     2.15      
860.00    12.79     252.71    857.86    -33.189         -0.307          435016.843      6478563.216     2.42      
870.00    12.84     255.52    867.61    -35.322         -0.913          435014.711      6478562.610     1.88      
880.00    12.75     256.87    877.36    -37.473         -1.442          435012.561      6478562.082     0.94      
890.00    12.55     257.29    887.12    -39.607         -1.932          435010.428      6478561.592     0.66      
900.00    12.18     258.31    896.89    -41.700         -2.384          435008.336      6478561.139     1.29      
910.00    11.40     260.19    906.68    -43.707         -2.767          435006.329      6478560.757     2.61      
920.00    10.91     261.87    916.49    -45.617         -3.069          435004.419      6478560.455     1.76      
930.00    10.76     262.94    926.31    -47.481         -3.317          435002.557      6478560.207     0.75      
940.00    10.58     264.05    936.14    -49.320         -3.527          435000.718      6478559.997     0.82      
950.00    10.53     264.50    945.97    -51.143         -3.710          434998.896      6478559.814     0.29      
960.00    10.52     265.36    955.80    -52.962         -3.871          434997.077      6478559.653     0.47      
970.00    10.48     266.01    965.63    -54.779         -4.009          434995.261      6478559.516     0.38      
980.00    10.36     267.69    975.47    -56.585         -4.108          434993.455      6478559.416     0.98      
990.00    10.31     270.33    985.31    -58.378         -4.139          434991.663      6478559.385     1.43      
1000.00   10.29     272.52    995.14    -60.166         -4.095          434989.876      6478559.430     1.18      
1010.00   10.34     273.32    1004.98   -61.954         -4.004          434988.089      6478559.521     0.46      
1020.00   10.39     274.63    1014.82   -63.749         -3.879          434986.295      6478559.646     0.72      
1030.00   10.48     275.34    1024.65   -65.553         -3.721          434984.491      6478559.803     0.47      
1040.00   10.47     275.48    1034.49   -67.363         -3.550          434982.682      6478559.974     0.08      
1050.00   10.49     275.78    1044.32   -69.173         -3.371          434980.872      6478560.153     0.17      
1060.00   10.66     277.07    1054.15   -70.997         -3.166          434979.049      6478560.358     0.87      
1070.00   11.01     278.92    1063.97   -72.858         -2.904          434977.189      6478560.620     1.48      
1080.00   11.46     281.15    1073.78   -74.776         -2.564          434975.271      6478560.960     1.88      
1090.00   12.02     283.68    1083.57   -76.762         -2.125          434973.285      6478561.398     2.28      
1100.00   13.04     287.32    1093.33   -78.851         -1.543          434971.197      6478561.980     3.87      
1110.00   14.19     289.87    1103.05   -81.081         -0.791          434968.968      6478562.732     3.89      
1120.00   15.14     291.09    1112.73   -83.452         0.096           434966.598      6478563.619     3.00      
1130.00   16.29     291.76    1122.35   -85.973         1.086           434964.078      6478564.608     3.49      
1140.00   18.12     291.94    1131.91   -88.718         2.187           434961.333      6478565.709     5.49      
1150.00   19.37     291.62    1141.37   -91.703         3.379           434958.350      6478566.900     3.76      
1160.00   20.20     291.03    1150.78   -94.856         4.609           434955.198      6478568.131     2.56      
1170.00   20.94     290.28    1160.15   -98.143         5.848           434951.912      6478569.369     2.36      
1180.00   21.74     288.95    1169.46   -101.571        7.069           434948.485      6478570.590     2.80      
1190.00   22.06     288.24    1178.74   -105.107        8.258           434944.951      6478571.778     1.25      
1200.00   22.30     287.56    1188.00   -108.699        9.418           434941.360      6478572.938     1.05      
1210.00   22.53     286.61    1197.24   -112.344        10.538          434937.716      6478574.058     1.29      
1220.00   22.78     285.44    1206.47   -116.046        11.602          434934.016      6478575.121     1.55      
1230.00   22.91     284.77    1215.69   -119.794        12.613          434930.269      6478576.132     0.87      
1240.00   22.99     284.46    1224.90   -123.567        13.597          434926.497      6478577.115     0.43      
1250.00   23.10     284.53    1234.10   -127.357        14.577          434922.708      6478578.095     0.34      
1260.00   23.02     284.46    1243.30   -131.149        15.557          434918.917      6478579.075     0.25      
1270.00   22.40     284.23    1252.52   -134.889        16.514          434915.178      6478580.031     1.88      
1280.00   22.06     284.22    1261.78   -138.557        17.444          434911.512      6478580.960     1.02      
1290.00   21.49     284.19    1271.07   -142.153        18.354          434907.917      6478581.870     1.71      
1300.00   20.95     283.85    1280.39   -145.665        19.231          434904.407      6478582.747     1.66      
1310.00   20.83     283.60    1289.73   -149.128        20.077          434900.944      6478583.593     0.45      
1320.00   20.85     283.68    1299.08   -152.586        20.916          434897.488      6478584.432     0.10      
1330.00   21.02     283.73    1308.42   -156.057        21.762          434894.018      6478585.278     0.51      
1340.00   21.31     283.42    1317.74   -159.567        22.610          434890.510      6478586.125     0.93      
1350.00   21.61     283.17    1327.05   -163.127        23.451          434886.951      6478586.966     0.94      
1360.00   21.97     282.58    1336.33   -166.746        24.278          434883.333      6478587.793     1.26      
1370.00   22.45     281.18    1345.59   -170.445        25.056          434879.635      6478588.570     2.14      
1380.00   23.22     278.29    1354.81   -174.269        25.710          434875.813      6478589.224     4.08      
1390.00   23.84     276.25    1363.98   -178.229        26.214          434871.854      6478589.728     3.07      
1400.00   24.53     274.57    1373.10   -182.307        26.600          434867.778      6478590.114     2.92      
1410.00   25.42     271.77    1382.17   -186.522        26.832          434863.564      6478590.345     4.44      
1420.00   26.38     269.11    1391.16   -190.888        26.863          434859.199      6478590.377     4.52      
1430.00   27.21     266.65    1400.09   -195.392        26.695          434854.697      6478590.209     4.16      
1440.00   27.94     264.45    1408.95   -200.007        26.335          434850.084      6478589.849     3.76      
1450.00   28.74     261.88    1417.75   -204.719        25.769          434845.374      6478589.283     4.38      
1460.00   29.48     260.21    1426.49   -209.524        25.011          434840.570      6478588.525     3.30      
1470.00   29.92     259.85    1435.18   -214.403        24.153          434835.692      6478587.668     1.42      
1480.00   30.40     259.60    1443.82   -219.347        23.257          434830.750      6478586.772     1.49      
1490.00   31.22     259.49    1452.41   -224.384        22.327          434825.715      6478585.842     2.47      
1500.00   31.87     259.45    1460.93   -229.527        21.371          434820.574      6478584.887     1.95      
1510.00   32.35     259.26    1469.40   -234.751        20.389          434815.351      6478583.905     1.47      
1520.00   32.72     259.31    1477.84   -240.036        19.389          434810.069      6478582.905     1.11      
1530.00   33.21     259.32    1486.23   -245.383        18.380          434804.724      6478581.897     1.47      
1540.00   33.41     259.40    1494.58   -250.780        17.366          434799.328      6478580.883     0.61      
1550.00   33.61     259.49    1502.92   -256.207        16.355          434793.903      6478579.872     0.62      
1560.00   33.95     259.53    1511.23   -261.674        15.343          434788.438      6478578.860     1.02      
1570.00   34.05     259.37    1519.52   -267.172        14.319          434782.942      6478577.837     0.40      
1580.00   34.02     258.98    1527.81   -272.669        13.268          434777.447      6478576.786     0.66      
1590.00   34.03     258.75    1536.10   -278.159        12.187          434771.958      6478575.706     0.39      
1600.00   33.97     258.48    1544.39   -283.641        11.083          434766.478      6478574.603     0.49      
1610.00   34.00     258.45    1552.68   -289.118        9.966           434761.004      6478573.485     0.10      
1620.00   34.20     258.47    1560.96   -294.611        8.844           434755.512      6478572.364     0.60      
1630.00   34.38     258.36    1569.22   -300.130        7.713           434749.995      6478571.233     0.57      
1640.00   34.44     258.17    1577.47   -305.663        6.563           434744.464      6478570.084     0.37      
1650.00   34.42     257.88    1585.72   -311.194        5.390           434738.935      6478568.911     0.50      
1660.00   34.35     257.77    1593.97   -316.715        4.199           434733.417      6478567.721     0.28      
1670.00   34.31     257.67    1602.23   -322.225        3.000           434727.908      6478566.522     0.21      
1680.00   34.23     257.70    1610.49   -327.726        1.799           434722.409      6478565.321     0.25      
1690.00   34.23     257.66    1618.76   -333.222        0.598           434716.915      6478564.121     0.07      
1700.00   34.30     257.68    1627.03   -338.722        -0.604          434711.416      6478562.919     0.21      
1710.00   34.41     257.59    1635.28   -344.235        -1.812          434705.906      6478561.711     0.36      
1720.00   34.04     257.50    1643.55   -349.727        -3.025          434700.416      6478560.499     1.12      
1730.00   33.09     257.75    1651.88   -355.127        -4.210          434695.018      6478559.314     2.88      
1740.00   32.35     258.27    1660.30   -360.414        -5.333          434689.732      6478558.191     2.37      
1750.00   31.64     258.71    1668.78   -365.606        -6.391          434684.542      6478557.134     2.24      
1760.00   30.59     259.30    1677.34   -370.679        -7.377          434679.471      6478556.149     3.28      
1770.00   29.68     259.79    1685.99   -375.616        -8.288          434674.536      6478555.238     2.83      
1780.00   29.07     260.04    1694.70   -380.445        -9.147          434669.708      6478554.379     1.87      
1790.00   28.52     260.12    1703.46   -385.190        -9.977          434664.965      6478553.549     1.65      
1800.00   27.54     260.26    1712.29   -389.820        -10.778         434660.336      6478552.749     2.95      
1810.00   26.37     260.65    1721.21   -394.290        -11.530         434655.868      6478551.997     3.55      
1820.00   25.69     260.79    1730.19   -398.621        -12.237         434651.539      6478551.290     2.05      
1830.00   25.10     261.16    1739.22   -402.857        -12.910         434647.305      6478550.617     1.83      
1840.00   24.31     261.30    1748.31   -406.987        -13.548         434643.176      6478549.980     2.38      
1850.00   23.40     261.24    1757.45   -410.984        -14.161         434639.180      6478549.367     2.73      
1860.00   22.79     260.74    1766.65   -414.859        -14.776         434635.307      6478548.753     1.92      
1870.00   21.92     260.49    1775.90   -418.611        -15.396         434631.556      6478548.133     2.63      
1880.00   20.98     260.58    1785.21   -422.218        -15.997         434627.950      6478547.532     2.82      
1890.00   20.23     261.02    1794.57   -425.692        -16.560         434624.477      6478546.969     2.30      
1900.00   19.65     261.39    1803.97   -429.062        -17.081         434621.108      6478546.447     1.78      
1910.00   19.02     261.79    1813.41   -432.338        -17.566         434617.834      6478545.963     1.93      
1920.00   18.16     262.11    1822.88   -435.494        -18.012         434614.679      6478545.517     2.60      
1930.00   17.32     262.45    1832.41   -438.513        -18.422         434611.660      6478545.107     2.54      
1940.00   16.56     262.81    1841.97   -441.403        -18.796         434608.772      6478544.734     2.30      
1950.00   15.62     263.53    1851.58   -444.155        -19.126         434606.021      6478544.404     2.88      
1960.00   14.58     264.78    1861.24   -446.746        -19.392         434603.431      6478544.138     3.27      
1970.00   13.75     265.49    1870.93   -449.184        -19.600         434600.993      6478543.930     2.54      
1980.00   13.12     265.75    1880.66   -451.501        -19.778         434598.678      6478543.752     1.90      
1990.00   12.11     266.00    1890.42   -453.679        -19.935         434596.500      6478543.595     3.03      
2000.00   10.90     266.44    1900.22   -455.669        -20.067         434594.511      6478543.463     3.64      
2010.00   10.04     267.49    1910.05   -457.483        -20.164         434592.697      6478543.366     2.64      
2020.00   9.28      269.00    1919.91   -459.161        -20.216         434591.020      6478543.314     2.40      
2030.00   8.48      271.02    1929.79   -460.704        -20.217         434589.477      6478543.313     2.58      
2040.00   7.52      273.53    1939.69   -462.094        -20.164         434588.088      6478543.366     3.06      
2050.00   6.87      275.05    1949.61   -463.343        -20.071         434586.839      6478543.459     2.03      
2060.00   6.28      277.53    1959.55   -464.481        -19.946         434585.701      6478543.584     1.96      
2070.00   5.66      282.49    1969.49   -465.505        -19.768         434584.678      6478543.762     2.42      
2080.00   5.24      287.86    1979.45   -466.421        -19.521         434583.762      6478544.008     1.98      
2090.00   4.77      293.02    1989.41   -467.238        -19.219         434582.945      6478544.311     1.95      
2100.00   4.19      297.86    1999.38   -467.944        -18.885         434582.240      6478544.644     2.08      
2110.00   3.37      306.50    2009.36   -468.503        -18.540         434581.681      6478544.990     2.99      
2120.00   2.89      317.71    2019.34   -468.909        -18.178         434581.275      6478545.351     2.33      
2130.00   2.79      328.96    2029.33   -469.204        -17.783         434580.980      6478545.746     1.70      
2140.00   2.93      341.18    2039.32   -469.412        -17.333         434580.772      6478546.196     1.87      
2150.00   3.39      355.71    2049.30   -469.517        -16.796         434580.668      6478546.733     2.76      
2160.00   3.94      7.56      2059.28   -469.494        -16.161         434580.691      6478547.368     2.80      
2170.00   4.35      16.27     2069.26   -469.342        -15.456         434580.842      6478548.072     2.25      
2180.00   4.85      25.12     2079.22   -469.057        -14.709         434581.128      6478548.819     2.60      
2190.00   5.41      33.13     2089.18   -468.619        -13.932         434581.565      6478549.596     2.72      
2200.00   6.00      38.53     2099.13   -468.036        -13.128         434582.148      6478550.399     2.39      
2210.00   6.56      42.36     2109.07   -467.326        -12.297         434582.858      6478551.230     2.10      
2220.00   7.30      46.42     2119.00   -466.481        -11.437         434583.703      6478552.090     2.66      
2230.00   8.25      51.54     2128.91   -465.459        -10.553         434584.724      6478552.974     3.52      
2240.00   9.24      55.20     2138.79   -464.237        -9.648          434585.945      6478553.878     3.41      
2250.00   10.14     57.43     2148.65   -462.836        -8.716          434587.346      6478554.810     2.92      
2260.00   11.11     59.85     2158.48   -461.261        -7.759          434588.920      6478555.767     3.20      
2270.00   12.04     61.78     2168.27   -459.509        -6.781          434590.672      6478556.744     3.02      
2280.00   12.77     63.25     2178.04   -457.603        -5.791          434592.577      6478557.734     2.39      
2290.00   13.29     64.43     2187.78   -455.579        -4.797          434594.600      6478558.727     1.75      
2300.00   13.92     65.47     2197.50   -453.448        -3.802          434596.731      6478559.723     2.03      
2310.00   14.69     65.98     2207.19   -451.196        -2.786          434598.982      6478560.738     2.34      
2320.00   15.47     66.14     2216.85   -448.818        -1.731          434601.359      6478561.793     2.34      
2330.00   16.18     66.32     2226.47   -446.322        -0.632          434603.854      6478562.892     2.14      
2340.00   16.93     66.49     2236.06   -443.711        0.509           434606.464      6478564.032     2.25      
2350.00   17.72     66.96     2245.60   -440.975        1.685           434609.199      6478565.208     2.41      
2360.00   18.61     67.36     2255.10   -438.102        2.895           434612.071      6478566.417     2.70      
2370.00   19.52     67.72     2264.55   -435.084        4.143           434615.089      6478567.664     2.75      
2380.00   20.43     68.12     2273.95   -431.918        5.427           434618.253      6478568.948     2.76      
2390.00   21.25     68.32     2283.30   -428.614        6.747           434621.556      6478570.267     2.47      
2400.00   21.92     68.35     2292.60   -425.195        8.105           434624.974      6478571.625     2.01      
2410.00   22.61     68.54     2301.85   -421.672        9.497           434628.496      6478573.016     2.08      
2420.00   23.43     68.67     2311.05   -418.030        10.923          434632.136      6478574.442     2.46      
2430.00   24.36     68.72     2320.20   -414.257        12.395          434635.908      6478575.913     2.79      
2440.00   25.31     68.55     2329.27   -410.345        13.925          434639.818      6478577.443     2.86      
2450.00   26.29     68.14     2338.28   -406.300        15.531          434643.862      6478579.049     2.99      
2460.00   27.23     67.77     2347.20   -402.127        17.221          434648.034      6478580.738     2.86      
2470.00   28.23     67.35     2356.06   -397.827        18.998          434652.333      6478582.514     3.06      
2480.00   29.08     67.17     2364.83   -393.404        20.851          434656.754      6478584.367     2.56      
2490.00   30.08     67.26     2373.53   -388.853        22.763          434661.303      6478586.278     3.00      
2500.00   31.02     67.18     2382.14   -384.167        24.731          434665.988      6478588.246     2.82      
2510.00   31.64     67.35     2390.68   -379.371        26.741          434670.782      6478590.254     1.88      
2520.00   32.15     67.45     2399.17   -374.493        28.771          434675.658      6478592.284     1.54      
2530.00   32.87     67.45     2407.60   -369.530        30.832          434680.620      6478594.344     2.16      
2540.00   34.06     67.96     2415.95   -364.428        32.924          434685.720      6478596.435     3.67      
2550.00   35.36     68.34     2424.17   -359.142        35.043          434691.004      6478598.553     3.95      
2560.00   36.24     68.58     2432.28   -353.701        37.190          434696.443      6478600.700     2.67      
2570.00   36.93     68.78     2440.31   -348.149        39.357          434701.993      6478602.866     2.10      
2603.30   38.69     72.50     2466.62   -328.893        46.109          434721.242      6478609.616     2.59      
2643.40   41.55     75.42     2497.28   -304.062        53.228          434746.065      6478616.732     2.56      
2683.90   46.01     77.51     2526.52   -276.824        59.763          434773.294      6478623.266     3.47      
2724.40   50.83     78.14     2553.39   -247.218        66.145          434802.889      6478629.645     3.59      
2764.70   54.97     77.33     2577.69   -215.817        72.977          434834.279      6478636.475     3.12      
2805.20   59.75     75.82     2599.53   -182.659        80.904          434867.426      6478644.399     3.66      
2844.70   63.05     73.92     2618.44   -149.190        89.963          434900.883      6478653.455     2.81      
2885.60   62.94     73.91     2637.01   -114.176        100.059         434935.885      6478663.548     0.08      
2925.80   61.95     79.05     2655.62   -79.542         108.394         434970.506      6478671.880     3.48      
2966.30   61.79     84.11     2674.72   -44.228         113.623         435005.808      6478677.106     3.31      
3005.30   61.93     86.52     2693.12   -9.956          116.431         435040.068      6478679.914     1.64      
3045.90   61.86     90.52     2712.25   25.834          117.356         435075.846      6478680.838     2.61      
3086.20   62.08     93.76     2731.19   61.375          116.027         435111.374      6478679.510     2.14      
3126.90   62.08     97.11     2750.25   97.169          112.622         435147.156      6478676.105     2.18      
3167.70   62.72     101.07    2769.16   132.861         106.907         435182.835      6478670.393     2.62      
3237.80   61.97     108.75    2801.73   192.801         90.962          435242.754      6478654.453     2.93      
3278.30   65.40     113.86    2819.70   226.593         77.758          435276.535      6478641.254     4.24      
3318.20   69.26     116.66    2835.07   259.874         62.040          435309.805      6478625.542     3.49      
3359.20   70.23     117.13    2849.27   294.178         44.640          435344.096      6478608.148     0.78      
3399.60   71.72     119.84    2862.44   327.741         26.424          435377.647      6478589.938     2.20      
3439.70   71.30     124.16    2875.16   359.984         6.278           435409.879      6478569.799     3.08      
3480.00   71.64     128.17    2887.97   390.823         -16.266         435440.708      6478547.263     2.84      
3520.50   74.08     126.55    2899.91   421.583         -39.745         435471.457      6478523.792     2.14      
3561.00   77.83     125.23    2909.74   453.409         -62.770         435503.272      6478500.775     2.94      
3601.40   81.42     123.47    2917.01   486.213         -85.185         435536.065      6478478.367     2.96      
3641.30   85.04     119.76    2921.72   519.946         -105.944        435569.786      6478457.616     3.88      
3681.70   88.67     118.68    2923.93   555.146         -125.632        435604.973      6478437.935     2.81      
3721.90   90.01     117.94    2924.39   590.534         -144.695        435640.350      6478418.879     1.14      
3762.10   89.09     117.33    2924.71   626.147         -163.340        435675.949      6478400.240     0.82      
3802.40   89.10     116.96    2925.35   662.003         -181.724        435711.794      6478381.862     0.28      
3842.70   88.48     117.88    2926.20   697.767         -200.278        435747.545      6478363.314     0.83      
3884.00   83.95     112.08    2928.93   735.094         -217.674        435784.859      6478345.924     5.34      
3924.50   82.59     108.99    2933.67   772.753         -231.782        435822.505      6478331.821     2.49      
3964.40   80.05     105.02    2939.70   810.459         -243.319        435860.198      6478320.289     3.51      
4004.80   77.79     101.56    2947.46   849.035         -252.435        435898.760      6478311.176     3.03      
4044.90   75.06     98.96     2956.88   887.383         -259.382        435937.095      6478304.232     2.78      
4085.00   76.09     97.76     2966.87   925.805         -265.027        435975.503      6478298.588     1.16      
4124.90   77.05     95.80     2976.13   964.340         -269.607        436014.025      6478294.010     1.60      
4165.40   79.04     93.43     2984.52   1003.828        -272.792        436053.500      6478290.826     2.26      
4205.70   80.10     91.39     2991.82   1043.425        -274.457        436093.082      6478289.162     1.69      
4245.90   80.09     88.85     2998.74   1083.022        -274.540        436132.666      6478289.079     1.87      
4286.40   78.98     85.96     3006.09   1122.802        -272.739        436172.432      6478290.879     2.26      
4327.30   77.61     81.29     3014.39   1162.592        -268.297        436212.208      6478295.319     3.50      
4367.60   75.14     78.75     3023.89   1201.159        -261.515        436250.762      6478302.099     2.60      
4408.30   70.74     77.64     3035.83   1239.236        -253.562        436288.826      6478310.050     3.34      
4448.30   66.71     76.16     3050.34   1275.533        -245.122        436325.110      6478318.486     3.19      
4488.30   61.74     75.23     3067.73   1310.427        -236.231        436359.991      6478327.374     3.78      
4528.60   57.15     73.30     3088.21   1343.823        -226.836        436393.375      6478336.766     3.63      
4569.20   52.85     71.54     3111.49   1375.521        -216.807        436425.063      6478346.792     3.35      
4609.60   49.15     69.40     3136.91   1405.109        -206.328        436454.640      6478357.267     3.01      
4649.90   44.55     67.61     3164.47   1432.462        -195.575        436481.984      6478368.016     3.56      
4690.30   39.91     65.44     3194.38   1457.367        -184.784        436506.880      6478378.804     3.61      
4730.30   37.45     64.41     3225.60   1480.010        -174.196        436529.515      6478389.388     1.91      
4757.10   36.80     64.18     3246.97   1494.585        -167.180        436544.085      6478396.401     0.74      
4770.00   36.80     64.18     3257.30   1501.541        -163.814        436551.039      6478399.766     0.00      
