MD        Inc       Azim      TVD       X_Offset_EW  Y_Offset_NS  X_COORD         Y_COORD         DLS
m RKB     deg       deg       m RKB     m               m               m               m               deg/30m
145.90    0.00      0.00      145.90    -0.926          4.651           435049.095      6478568.172     0.00      
150.00    0.09      227.76    150.00    -0.929          4.648           435049.093      6478568.170     0.66      
160.00    0.20      225.57    160.00    -0.947          4.631           435049.074      6478568.152     0.33      
170.00    0.19      227.59    170.00    -0.972          4.608           435049.050      6478568.129     0.04      
180.00    0.23      231.32    180.00    -1.000          4.584           435049.022      6478568.105     0.13      
190.00    0.23      233.02    190.00    -1.031          4.559           435048.990      6478568.081     0.02      
200.00    0.22      235.12    200.00    -1.063          4.536           435048.958      6478568.058     0.04      
210.00    0.24      234.55    210.00    -1.096          4.513           435048.925      6478568.034     0.06      
220.00    0.34      239.76    220.00    -1.138          4.486           435048.883      6478568.007     0.31      
230.00    0.42      244.41    230.00    -1.197          4.455           435048.824      6478567.977     0.26      
238.50    0.49      217.49    238.50    -1.247          4.413           435048.774      6478567.934     0.79      
251.30    0.57      204.82    251.30    -1.307          4.312           435048.714      6478567.833     0.33      
261.30    0.60      167.13    261.30    -1.317          4.215           435048.705      6478567.737     1.14      
263.50    0.66      165.04    263.50    -1.311          4.192           435048.711      6478567.714     0.88      
275.30    0.56      208.46    275.30    -1.321          4.076           435048.701      6478567.597     1.17      
278.30    0.56      198.61    278.30    -1.332          4.049           435048.689      6478567.570     0.96      
288.30    0.49      195.01    288.30    -1.359          3.961           435048.662      6478567.483     0.23      
291.70    0.57      184.79    291.70    -1.364          3.930           435048.657      6478567.452     1.09      
301.70    0.58      167.02    301.70    -1.357          3.831           435048.664      6478567.353     0.53      
305.50    0.68      161.94    305.50    -1.346          3.791           435048.676      6478567.313     0.90      
319.20    0.70      195.01    319.19    -1.342          3.633           435048.679      6478567.155     0.86      
347.00    0.70      195.01    346.99    -1.430          3.305           435048.591      6478566.827     0.00      
