MD        Inc       Azim      TVD       X_Offset_EW  Y_Offset_NS  X_COORD         Y_COORD         DLS
m RKB     deg       deg       m RKB     m               m               m               m               deg/30m
145.90    0.00      0.00      145.90    0.190           2.698           435050.210      6478566.220     0.00      
174.00    0.12      166.21    174.00    0.197           2.668           435050.218      6478566.190     0.13      
204.00    0.08      159.79    204.00    0.212           2.617           435050.233      6478566.139     0.04      
234.00    0.15      113.27    234.00    0.255           2.582           435050.275      6478566.104     0.11      
264.00    0.25      94.15     264.00    0.357           2.562           435050.377      6478566.084     0.13      
294.00    0.34      83.77     294.00    0.512           2.567           435050.533      6478566.089     0.10      
324.00    0.36      81.51     324.00    0.695           2.591           435050.716      6478566.113     0.03      
354.00    0.46      79.36     354.00    0.909           2.627           435050.930      6478566.149     0.10      
384.00    0.65      66.92     384.00    1.186           2.717           435051.207      6478566.239     0.22      
414.00    1.09      38.86     413.99    1.522           3.006           435051.543      6478566.528     0.60      
444.00    2.91      27.73     443.97    2.056           3.902           435052.076      6478567.424     1.86      
474.00    4.85      26.01     473.90    2.966           5.716           435052.986      6478569.237     1.94      
504.00    6.49      27.94     503.76    4.317           8.353           435054.336      6478571.873     1.66      
534.00    7.69      30.42     533.53    6.128           11.582          435056.146      6478575.101     1.23      
564.00    6.95      32.03     563.28    8.105           14.850          435058.124      6478578.368     0.77      
594.00    5.54      30.06     593.10    9.793           17.642          435059.811      6478581.159     1.42      
624.00    4.90      17.77     622.98    10.910          20.116          435060.927      6478583.632     1.29      
654.00    5.08      0.38      652.87    11.310          22.664          435061.327      6478586.180     1.52      
684.00    5.95      334.67    682.73    10.652          25.400          435060.670      6478588.914     2.60      
714.00    6.39      320.18    712.56    8.918           28.088          435058.936      6478591.601     1.61      
744.00    6.80      303.74    742.36    6.373           30.356          435056.392      6478593.868     1.92      
774.00    8.44      288.20    772.10    2.805           32.029          435052.825      6478595.541     2.62      
804.00    11.14     278.45    801.66    -2.154          33.143          435047.867      6478596.655     3.16      
834.00    13.14     272.24    830.99    -8.430          33.703          435041.594      6478597.214     2.39      
864.00    14.81     266.26    860.11    -15.664         33.586          435034.362      6478597.097     2.20      
893.00    14.99     264.04    888.13    -23.093         32.955          435026.936      6478596.466     0.62      
903.00    14.51     263.13    897.80    -25.622         32.671          435024.407      6478596.182     1.60      
913.00    14.08     262.05    907.49    -28.071         32.352          435021.960      6478595.864     1.51      
923.00    13.81     261.01    917.20    -30.455         31.998          435019.577      6478595.509     1.10      
933.00    13.78     260.55    926.91    -32.809         31.615          435017.224      6478595.127     0.35      
943.00    13.86     260.53    936.62    -35.165         31.223          435014.868      6478594.735     0.25      
953.00    13.96     260.58    946.33    -37.536         30.828          435012.498      6478594.341     0.30      
963.00    14.13     261.38    956.03    -39.933         30.448          435010.102      6478593.960     0.77      
973.00    14.43     263.23    965.72    -42.378         30.118          435007.658      6478593.630     1.65      
983.00    14.70     264.88    975.40    -44.879         29.858          435005.158      6478593.370     1.47      
993.00    14.91     265.80    985.06    -47.426         29.650          435002.612      6478593.163     0.96      
1003.00   15.04     266.46    994.72    -50.004         29.476          435000.035      6478592.989     0.63      
1013.00   15.13     267.49    1004.38   -52.602         29.339          434997.438      6478592.851     0.85      
1023.00   15.14     268.09    1014.03   -55.210         29.238          434994.830      6478592.751     0.47      
1033.00   15.07     268.61    1023.69   -57.815         29.163          434992.226      6478592.676     0.47      
1043.00   14.54     269.28    1033.36   -60.369         29.116          434989.673      6478592.628     1.66      
1053.00   14.23     269.64    1043.04   -62.853         29.092          434987.190      6478592.605     0.97      
1063.00   14.15     269.65    1052.74   -65.304         29.077          434984.740      6478592.590     0.23      
1073.00   14.22     269.22    1062.43   -67.754         29.053          434982.290      6478592.565     0.38      
1083.00   14.38     267.93    1072.12   -70.224         28.991          434979.822      6478592.504     1.06      
1093.00   14.59     265.82    1081.81   -72.721         28.854          434977.325      6478592.367     1.71      
1103.00   14.67     263.48    1091.48   -75.236         28.619          434974.811      6478592.132     1.79      
1113.00   14.82     260.96    1101.15   -77.757         28.274          434972.291      6478591.787     1.98      
1123.00   15.14     258.59    1110.81   -80.300         27.815          434969.749      6478591.328     2.08      
1133.00   15.71     256.39    1120.45   -82.896         27.238          434967.154      6478590.751     2.44      
1143.00   16.43     254.47    1130.06   -85.575         26.541          434964.476      6478590.054     2.68      
1153.00   17.58     252.27    1139.62   -88.375         25.702          434961.676      6478589.216     3.95      
1163.00   18.82     250.54    1149.12   -91.335         24.705          434958.718      6478588.220     4.06      
1173.00   19.84     248.95    1158.56   -94.439         23.558          434955.615      6478587.073     3.46      
1183.00   20.52     248.22    1167.95   -97.651         22.298          434952.404      6478585.814     2.17      
1193.00   20.78     248.08    1177.30   -100.924        20.986          434949.132      6478584.502     0.80      
1203.00   20.87     248.00    1186.65   -104.221        19.656          434945.836      6478583.172     0.29      
1213.00   20.57     248.50    1196.00   -107.508        18.345          434942.550      6478581.861     1.05      
1223.00   19.87     249.42    1205.39   -110.734        17.103          434939.325      6478580.620     2.31      
1233.00   19.22     250.72    1214.81   -113.879        15.962          434936.181      6478579.480     2.35      
1243.00   18.88     251.85    1224.26   -116.971        14.914          434933.091      6478578.432     1.51      
1253.00   18.83     252.46    1233.73   -120.047        13.924          434930.015      6478577.442     0.61      
1263.00   19.07     252.60    1243.18   -123.145        12.949          434926.919      6478576.467     0.74      
1273.00   19.35     252.60    1252.63   -126.285        11.965          434923.779      6478575.484     0.84      
1283.00   19.47     252.47    1262.06   -129.456        10.967          434920.610      6478574.486     0.38      
1293.00   19.09     252.04    1271.50   -132.601        9.961           434917.466      6478573.481     1.22      
1303.00   17.98     251.23    1280.98   -135.619        8.960           434914.450      6478572.480     3.40      
1313.00   16.56     250.46    1290.53   -138.423        7.987           434911.646      6478571.507     4.33      
1323.00   15.24     250.09    1300.14   -141.002        7.063           434909.068      6478570.583     3.97      
1333.00   14.36     250.04    1309.81   -143.404        6.192           434906.667      6478569.713     2.66      
1343.00   14.09     249.89    1319.51   -145.712        5.350           434904.359      6478568.871     0.79      
1353.00   14.20     248.89    1329.20   -148.000        4.489           434902.073      6478568.011     0.80      
1363.00   14.61     247.86    1338.89   -150.312        3.572           434899.761      6478567.094     1.45      
1373.00   15.35     247.18    1348.55   -152.700        2.584           434897.374      6478566.106     2.27      
1383.00   16.31     246.75    1358.17   -155.211        1.516           434894.864      6478565.039     2.93      
1393.00   17.11     246.17    1367.75   -157.846        0.368           434892.229      6478563.891     2.43      
1403.00   17.79     245.40    1377.29   -160.581        -0.862          434889.496      6478562.661     2.17      
1413.00   18.50     244.47    1386.79   -163.402        -2.182          434886.676      6478561.342     2.29      
1423.00   19.40     243.27    1396.25   -166.317        -3.613          434883.762      6478559.911     2.94      
1433.00   20.36     242.01    1405.65   -169.336        -5.177          434880.744      6478558.348     3.15      
1443.00   21.22     240.96    1415.00   -172.455        -6.872          434877.626      6478556.654     2.81      
1453.00   22.14     239.94    1424.29   -175.668        -8.694          434874.414      6478554.832     2.98      
1463.00   22.83     239.04    1433.53   -178.962        -10.636         434871.121      6478552.891     2.31      
1473.00   22.85     238.62    1442.75   -182.283        -12.645         434867.802      6478550.883     0.50      
1483.00   22.44     238.58    1451.98   -185.568        -14.650         434864.517      6478548.878     1.24      
1493.00   21.71     239.22    1461.24   -188.786        -16.591         434861.301      6478546.937     2.30      
1503.00   21.01     240.26    1470.56   -191.932        -18.427         434858.156      6478545.102     2.37      
1513.00   20.67     241.23    1479.90   -195.036        -20.166         434855.053      6478543.364     1.45      
1523.00   20.66     242.19    1489.26   -198.143        -21.838         434851.947      6478541.692     1.01      
1533.00   20.83     243.57    1498.61   -201.295        -23.453         434848.796      6478540.078     1.55      
1543.00   20.97     245.58    1507.95   -204.517        -24.984         434845.575      6478538.548     2.20      
1553.00   21.13     247.64    1517.29   -207.813        -26.409         434842.280      6478537.123     2.27      
1563.00   21.38     249.38    1526.61   -211.186        -27.737         434838.908      6478535.796     2.03      
1573.00   21.64     251.07    1535.91   -214.637        -28.977         434835.459      6478534.556     2.03      
1583.00   21.87     252.47    1545.20   -218.157        -30.136         434831.940      6478533.397     1.69      
1593.00   22.08     253.27    1554.47   -221.733        -31.238         434828.366      6478532.296     1.11      
1603.00   22.29     253.50    1563.73   -225.351        -32.318         434824.748      6478531.217     0.68      
1613.00   22.47     253.52    1572.98   -229.002        -33.398         434821.098      6478530.136     0.55      
1623.00   22.66     253.41    1582.21   -232.682        -34.490         434817.420      6478529.045     0.58      
1633.00   22.93     253.25    1591.43   -236.393        -35.602         434813.710      6478527.934     0.82      
1643.00   23.20     253.11    1600.63   -240.143        -36.735         434809.961      6478526.800     0.83      
1653.00   23.40     252.96    1609.82   -243.926        -37.889         434806.180      6478525.647     0.62      
1663.00   23.53     252.89    1618.99   -247.732        -39.059         434802.375      6478524.478     0.42      
1673.00   23.59     252.88    1628.16   -251.553        -40.235         434798.556      6478523.302     0.18      
1683.00   23.66     252.91    1637.32   -255.383        -41.414         434794.727      6478522.124     0.20      
1693.00   23.70     252.85    1646.48   -259.220        -42.596         434790.891      6478520.942     0.14      
1703.00   23.73     252.87    1655.63   -263.063        -43.781         434787.050      6478519.757     0.10      
1713.00   23.78     252.93    1664.78   -266.913        -44.966         434783.201      6478518.573     0.16      
1723.00   23.76     252.96    1673.94   -270.766        -46.148         434779.349      6478517.391     0.06      
1733.00   23.71     252.97    1683.09   -274.615        -47.327         434775.501      6478516.212     0.15      
1743.00   23.70     253.01    1692.25   -278.460        -48.503         434771.658      6478515.037     0.07      
1753.00   23.68     253.05    1701.40   -282.303        -49.676         434767.816      6478513.864     0.06      
1763.00   23.63     252.90    1710.56   -286.139        -50.851         434763.981      6478512.690     0.25      
1773.00   23.56     252.97    1719.73   -289.966        -52.026         434760.156      6478511.515     0.22      
1783.00   23.50     252.85    1728.90   -293.781        -53.199         434756.342      6478510.342     0.23      
1793.00   23.40     252.68    1738.07   -297.582        -54.378         434752.543      6478509.164     0.36      
1803.00   23.37     252.68    1747.25   -301.371        -55.559         434748.755      6478507.983     0.10      
1813.00   23.36     252.63    1756.43   -305.156        -56.742         434744.971      6478506.801     0.06      
1823.00   23.39     252.65    1765.61   -308.943        -57.926         434741.185      6478505.618     0.09      
1833.00   23.45     252.52    1774.78   -312.736        -59.115         434737.394      6478504.428     0.24      
1843.00   23.48     252.56    1783.96   -316.535        -60.310         434733.596      6478503.234     0.09      
1853.00   23.41     252.72    1793.13   -320.332        -61.497         434729.800      6478502.047     0.29      
1863.00   23.39     252.72    1802.31   -324.124        -62.677         434726.010      6478500.868     0.06      
1873.00   23.47     252.78    1811.48   -327.921        -63.856         434722.214      6478499.690     0.26      
1883.00   23.51     252.91    1820.66   -331.730        -65.031         434718.407      6478498.514     0.19      
1893.00   23.49     253.11    1829.83   -335.543        -66.197         434714.595      6478497.349     0.25      
1903.00   23.50     253.09    1839.00   -339.358        -67.356         434710.781      6478496.191     0.03      
1913.00   23.55     253.15    1848.17   -343.177        -68.515         434706.963      6478495.032     0.16      
1923.00   23.58     253.33    1857.33   -347.005        -69.667         434703.137      6478493.880     0.23      
1933.00   23.56     253.55    1866.50   -350.838        -70.807         434699.305      6478492.741     0.27      
1943.00   23.58     253.60    1875.66   -354.674        -71.937         434695.471      6478491.611     0.08      
1953.00   23.57     253.53    1884.83   -358.510        -73.069         434691.635      6478490.480     0.09      
1963.00   23.19     253.55    1894.01   -362.316        -74.193         434687.831      6478489.356     1.15      
1973.00   22.48     253.50    1903.22   -366.038        -75.294         434684.111      6478488.255     2.12      
1983.00   21.77     253.27    1912.49   -369.647        -76.371         434680.502      6478487.179     2.14      
1993.00   21.15     252.84    1921.79   -373.147        -77.437         434677.003      6478486.113     1.93      
2003.00   20.52     252.07    1931.14   -376.539        -78.509         434673.613      6478485.041     2.05      
2013.00   19.83     251.05    1940.53   -379.811        -79.600         434670.342      6478483.951     2.32      
2023.00   19.24     249.89    1949.95   -382.963        -80.717         434667.191      6478482.834     2.12      
2033.00   18.67     248.97    1959.41   -386.005        -81.858         434664.151      6478481.694     1.94      
2043.00   18.09     248.27    1968.90   -388.941        -83.007         434661.216      6478480.545     1.87      
2053.00   17.42     247.76    1978.42   -391.768        -84.148         434658.389      6478479.404     2.06      
2063.00   16.64     247.57    1987.98   -394.477        -85.261         434655.681      6478478.291     2.33      
2073.00   15.74     247.32    1997.59   -397.052        -86.331         434653.107      6478477.222     2.73      
2083.00   14.82     246.86    2007.23   -399.479        -87.356         434650.681      6478476.197     2.79      
2093.00   14.11     246.33    2016.92   -401.772        -88.348         434648.389      6478475.206     2.14      
2103.00   13.55     245.78    2026.63   -403.957        -89.318         434646.205      6478474.236     1.74      
2113.00   12.56     245.14    2036.37   -406.011        -90.256         434644.151      6478473.299     3.00      
2123.00   11.76     244.30    2046.14   -407.916        -91.155         434642.247      6478472.400     2.46      
2133.00   11.30     243.19    2055.94   -409.709        -92.039         434640.455      6478471.516     1.51      
2143.00   10.90     242.00    2065.75   -411.418        -92.925         434638.746      6478470.631     1.38      
2153.00   10.37     240.37    2075.58   -413.036        -93.814         434637.129      6478469.742     1.84      
2163.00   9.96      237.45    2085.43   -414.547        -94.724         434635.619      6478468.832     1.98      
2173.00   9.68      233.80    2095.28   -415.954        -95.686         434634.212      6478467.870     2.04      
2183.00   9.51      229.85    2105.14   -417.264        -96.715         434632.902      6478466.842     2.04      
2193.00   9.30      225.13    2115.00   -418.468        -97.818         434631.699      6478465.739     2.40      
2203.00   9.20      220.24    2124.87   -419.556        -98.997         434630.611      6478464.560     2.37      
2213.00   9.10      215.05    2134.75   -420.527        -100.255        434629.641      6478463.303     2.49      
2223.00   9.02      209.83    2144.62   -421.371        -101.582        434628.797      6478461.977     2.48      
2233.00   8.95      204.57    2154.50   -422.084        -102.969        434628.084      6478460.590     2.47      
2243.00   8.91      199.61    2164.38   -422.667        -104.407        434627.501      6478459.153     2.31      
2253.00   8.98      195.16    2174.26   -423.131        -105.890        434627.037      6478457.670     2.09      
2263.00   9.11      189.99    2184.13   -423.473        -107.423        434626.696      6478456.137     2.47      
2273.00   9.31      184.67    2194.01   -423.676        -109.009        434626.492      6478454.552     2.62      
2283.00   9.55      179.31    2203.87   -423.732        -110.645        434626.437      6478452.916     2.74      
2293.00   9.88      174.47    2213.73   -423.639        -112.330        434626.529      6478451.233     2.64      
2303.00   10.25     171.03    2223.57   -423.418        -114.063        434626.751      6478449.500     2.12      
2313.00   10.48     167.42    2233.41   -423.081        -115.829        434627.087      6478447.734     2.06      
2323.00   10.69     163.89    2243.24   -422.625        -117.608        434627.543      6478445.956     2.05      
2333.00   10.99     161.52    2253.06   -422.065        -119.404        434628.102      6478444.161     1.61      
2343.00   11.41     158.88    2262.87   -421.407        -121.230        434628.761      6478442.335     1.97      
2353.00   11.77     156.24    2272.67   -420.640        -123.087        434629.528      6478440.479     1.93      
2363.00   12.25     153.98    2282.45   -419.763        -124.974        434630.404      6478438.593     2.01      
2373.00   12.79     151.93    2292.21   -418.777        -126.904        434631.390      6478436.663     2.10      
2383.00   13.35     149.87    2301.95   -417.676        -128.879        434632.490      6478434.689     2.18      
2393.00   14.04     147.62    2311.67   -416.447        -130.902        434633.719      6478432.666     2.61      
2403.00   14.66     145.72    2321.35   -415.085        -132.972        434635.081      6478430.597     2.33      
2413.00   15.34     143.81    2331.01   -413.591        -135.085        434636.574      6478428.485     2.52      
2423.00   15.89     141.95    2340.65   -411.966        -137.231        434638.198      6478426.340     2.24      
2433.00   16.32     140.28    2350.25   -410.225        -139.389        434639.939      6478424.182     1.89      
2443.00   16.72     138.81    2359.84   -408.380        -141.552        434641.783      6478422.020     1.74      
2453.00   17.17     136.78    2369.41   -406.422        -143.710        434643.741      6478419.863     2.22      
2463.00   17.67     134.92    2378.95   -404.336        -145.858        434645.825      6478417.716     2.26      
2464.55   17.75     134.64    2380.42   -404.002        -146.190        434646.160      6478417.384     2.27      
2493.74   18.80     129.52    2408.14   -397.206        -152.311        434652.954      6478411.265     1.97      
2536.07   20.39     125.56    2448.02   -385.944        -160.941        434664.212      6478402.638     1.47      
2576.99   21.70     125.92    2486.21   -374.018        -169.525        434676.134      6478394.057     0.97      
2617.92   26.34     124.65    2523.59   -360.412        -179.132        434689.734      6478384.453     3.42      
2658.30   30.56     121.61    2559.08   -344.292        -189.611        434705.848      6478373.978     3.31      
2699.07   33.11     117.41    2593.72   -325.575        -200.173        434724.559      6478363.420     2.48      
2738.83   35.52     115.77    2626.56   -305.530        -210.195        434744.597      6478353.401     1.95      
2779.26   41.25     113.83    2658.24   -282.741        -220.695        434767.378      6478342.904     4.34      
2820.02   45.33     112.36    2687.90   -257.034        -231.643        434793.077      6478331.961     3.09      
2860.02   49.20     108.88    2715.05   -229.540        -241.959        434820.561      6478321.649     3.48      
2900.45   51.78     104.36    2740.77   -199.660        -250.854        434850.430      6478312.757     3.22      
2939.72   53.48     102.53    2764.61   -169.309        -258.104        434880.771      6478305.509     1.71      
2980.29   54.35     103.04    2788.51   -137.336        -265.360        434912.733      6478298.256     0.71      
3008.61   54.95     103.40    2804.89   -114.849        -270.643        434935.211      6478292.975     0.71      
3060.63   54.55     99.95     2834.92   -73.258         -279.240        434976.789      6478284.380     1.64      
3081.25   54.06     97.21     2846.95   -56.702         -281.739        434993.339      6478281.882     3.31      
3136.60   53.84     95.71     2879.53   -12.238         -286.775        435037.788      6478276.848     0.67      
3172.51   53.90     98.14     2900.70   16.551          -290.271        435066.566      6478273.353     1.64      
3216.39   53.86     101.30    2926.57   51.480          -296.254        435101.483      6478267.372     1.75      
3257.05   53.34     103.39    2950.70   83.448          -303.249        435133.440      6478260.380     1.30      
3297.38   53.81     105.77    2974.65   114.849         -311.419        435164.830      6478252.213     1.47      
3337.63   53.10     107.03    2998.62   145.869         -320.547        435195.839      6478243.088     0.92      
3375.41   53.01     106.59    3021.33   174.773         -329.279        435224.733      6478234.359     0.29      
3416.55   53.14     107.02    3046.04   206.257         -338.787        435256.206      6478224.854     0.27      
3456.15   52.97     106.74    3069.84   236.542         -347.977        435286.480      6478215.667     0.21      
3495.52   52.87     105.59    3093.58   266.708         -356.722        435316.636      6478206.926     0.70      
3520.00   52.87     105.59    3108.36   285.507         -361.967        435335.429      6478201.682     0.00      
