MD        Inc       Azim      TVD       X_Offset_EW  Y_Offset_NS  X_COORD         Y_COORD         DLS
m RKB     deg       deg       m RKB     m               m               m               m               deg/30m
145.90    0.00      0.00      145.90    2.418           -1.213          435052.438      6478562.310     0.00      
155.09    0.18      5.42      155.09    2.419           -1.199          435052.439      6478562.324     0.59      
195.44    0.33      37.78     195.44    2.496           -1.044          435052.517      6478562.479     0.15      
235.80    0.61      58.22     235.80    2.750           -0.839          435052.770      6478562.684     0.24      
276.20    1.55      62.50     276.19    3.418           -0.474          435053.438      6478563.050     0.70      
316.60    1.55      67.03     316.58    4.406           -0.008          435054.425      6478563.515     0.09      
356.90    1.90      71.62     356.86    5.541           0.415           435055.560      6478563.938     0.28      
397.30    3.61      88.22     397.21    7.448           0.666           435057.467      6478564.189     1.39      
437.70    4.31      83.62     437.51    10.228          0.874           435060.246      6478564.397     0.57      
478.00    4.00      69.33     477.71    13.049          1.539           435063.065      6478565.061     0.80      
518.40    3.37      50.31     518.03    15.281          2.794           435065.296      6478566.317     1.01      
558.70    2.15      26.90     558.28    16.534          4.225           435066.549      6478567.747     1.22      
599.10    0.79      14.51     598.67    16.947          5.171           435066.962      6478568.692     1.03      
639.50    0.26      72.65     639.06    17.104          5.468           435067.119      6478568.989     0.51      
679.80    0.26      75.13     679.36    17.280          5.518           435067.295      6478569.039     0.01      
720.20    0.27      77.66     719.76    17.462          5.562           435067.476      6478569.083     0.01      
760.50    0.29      85.64     760.06    17.656          5.590           435067.671      6478569.111     0.03      
800.90    0.35      107.43    800.46    17.876          5.561           435067.890      6478569.082     0.10      
841.30    0.47      160.22    840.86    18.049          5.368           435068.064      6478568.889     0.28      
881.70    0.48      160.60    881.26    18.162          5.053           435068.176      6478568.574     0.01      
922.00    0.35      168.30    921.56    18.243          4.773           435068.257      6478568.294     0.11      
962.40    0.26      163.24    961.96    18.294          4.564           435068.309      6478568.086     0.07      
1002.80   0.22      163.51    1002.36   18.343          4.402           435068.357      6478567.924     0.03      
1043.20   0.23      170.57    1042.76   18.378          4.248           435068.392      6478567.769     0.02      
1083.50   0.26      215.79    1083.06   18.338          4.094           435068.352      6478567.615     0.14      
1123.90   0.26      211.34    1123.46   18.236          3.941           435068.251      6478567.463     0.01      
1164.20   0.20      193.67    1163.76   18.172          3.795           435068.187      6478567.316     0.07      
1204.60   0.19      177.78    1204.16   18.158          3.659           435068.173      6478567.181     0.04      
1245.00   0.19      174.09    1244.56   18.168          3.526           435068.182      6478567.048     0.01      
1285.40   0.19      173.14    1284.96   18.183          3.393           435068.197      6478566.914     0.00      
1325.80   0.19      171.51    1325.36   18.200          3.260           435068.215      6478566.782     0.00      
1366.10   0.18      125.54    1365.66   18.262          3.157           435068.276      6478566.679     0.11      
1406.50   0.18      123.89    1406.06   18.366          3.085           435068.381      6478566.607     0.00      
1446.80   0.18      125.43    1446.36   18.470          3.013           435068.485      6478566.535     0.00      
1487.20   0.18      125.43    1486.75   18.574          2.939           435068.588      6478566.461     0.00      
1527.50   0.18      127.74    1527.05   18.675          2.864           435068.690      6478566.386     0.01      
1567.90   0.18      129.47    1567.45   18.775          2.785           435068.789      6478566.307     0.00      
1608.20   0.18      129.69    1607.75   18.872          2.704           435068.886      6478566.226     0.00      
1648.60   0.19      223.96    1648.15   18.874          2.615           435068.889      6478566.137     0.20      
1689.00   0.19      223.56    1688.55   18.782          2.518           435068.796      6478566.040     0.00      
1729.30   0.19      225.71    1728.85   18.688          2.423           435068.702      6478565.945     0.01      
1769.70   0.19      224.86    1769.25   18.593          2.329           435068.607      6478565.851     0.00      
1810.00   0.19      226.63    1809.55   18.497          2.236           435068.511      6478565.758     0.00      
1850.40   0.19      227.97    1849.95   18.399          2.145           435068.413      6478565.667     0.00      
1890.80   0.19      260.83    1890.35   18.283          2.089           435068.297      6478565.612     0.08      
1931.10   0.19      261.93    1930.65   18.151          2.069           435068.165      6478565.592     0.00      
1971.50   0.19      263.57    1971.05   18.018          2.052           435068.032      6478565.575     0.00      
2011.80   0.19      258.37    2011.35   17.886          2.031           435067.900      6478565.554     0.01      
2052.50   0.19      238.20    2052.05   17.762          1.982           435067.777      6478565.505     0.05      
2092.50   0.16      275.09    2092.05   17.650          1.952           435067.665      6478565.475     0.09      
2132.90   1.74      12.52     2132.45   17.727          2.556           435067.742      6478566.078     1.31      
2173.20   3.98      16.68     2172.69   18.261          4.493           435068.276      6478568.015     1.67      
2213.60   7.98      18.75     2212.86   19.566          8.494           435069.580      6478572.014     2.97      
2253.90   8.15      20.38     2252.77   21.460          13.820          435071.473      6478577.338     0.21      
2294.30   8.34      21.84     2292.75   23.547          19.224          435073.560      6478582.741     0.21      
2334.60   10.09     24.04     2332.53   26.072          25.162          435076.084      6478588.676     1.33      
2375.00   12.41     27.18     2372.15   29.498          32.256          435079.508      6478595.768     1.78      
2415.30   14.84     28.10     2411.31   33.907          40.662          435083.916      6478604.171     1.82      
2455.80   17.20     31.13     2450.24   39.447          50.365          435089.454      6478613.870     1.85      
2496.10   19.35     41.69     2488.51   46.971          60.455          435096.975      6478623.957     2.93      
2536.50   23.77     49.56     2526.08   57.626          70.742          435107.627      6478634.240     3.92      
2576.90   28.22     56.01     2562.40   71.753          81.370          435121.749      6478644.865     3.91      
2617.30   32.30     55.37     2597.28   88.561          92.849          435138.551      6478656.340     3.04      
2655.90   35.58     54.59     2629.30   106.204         105.220         435156.188      6478668.706     2.57      
2673.90   37.39     54.82     2643.77   114.940         111.403         435164.921      6478674.887     3.03      
2706.97   39.85     55.29     2669.61   131.859         123.223         435181.834      6478686.703     2.25      
2747.16   40.19     55.74     2700.39   153.162         137.855         435203.129      6478701.330     0.33      
2790.39   39.56     54.98     2733.57   175.965         153.608         435225.924      6478717.077     0.55      
2830.75   43.81     57.30     2763.70   198.258         168.538         435248.209      6478732.003     3.36      
2870.67   49.28     59.12     2791.15   222.889         183.780         435272.832      6478747.239     4.23      
2911.52   54.40     59.01     2816.38   250.430         200.287         435300.363      6478763.740     3.76      
2950.80   60.08     58.76     2837.63   278.697         217.352         435328.621      6478780.799     4.34      
2991.49   64.34     59.52     2856.59   309.592         235.807         435359.505      6478799.248     3.18      
3032.17   66.85     65.62     2873.41   342.458         252.843         435392.360      6478816.278     4.49      
3072.79   69.70     71.10     2888.46   377.519         266.734         435427.409      6478830.164     4.31      
3112.44   71.90     73.97     2901.50   413.233         277.964         435463.110      6478841.390     2.64      
3153.53   74.71     74.92     2913.30   451.146         288.515         435501.009      6478851.937     2.16      
3193.66   77.75     78.46     2922.86   489.066         297.478         435538.917      6478860.897     3.43      
3233.21   80.75     81.97     2930.23   527.347         304.074         435577.184      6478867.491     3.47      
3273.30   81.08     85.25     2936.57   566.682         308.478         435616.506      6478871.894     2.44      
3314.97   76.91     85.46     2944.52   607.443         311.790         435657.252      6478875.205     3.01      
3355.37   71.94     85.70     2955.36   646.231         314.790         435696.027      6478878.203     3.69      
3395.93   71.34     85.44     2968.14   684.611         317.763         435734.394      6478881.175     0.48      
3436.15   67.98     86.53     2982.12   722.225         320.407         435771.994      6478883.818     2.62      
3476.50   65.26     89.03     2998.13   759.226         321.850         435808.983      6478885.261     2.65      
3514.77   61.86     89.99     3015.17   793.486         322.147         435843.231      6478885.558     2.75      
3555.95   57.08     91.40     3036.08   828.943         321.727         435878.675      6478885.138     3.59      
3596.23   51.69     92.76     3059.53   861.654         320.553         435911.375      6478883.964     4.10      
3638.07   48.65     94.05     3086.33   893.724         318.652         435943.433      6478882.065     2.29      
3678.39   49.69     93.65     3112.69   924.163         316.605         435973.862      6478880.018     0.81      
3718.84   50.17     93.80     3138.73   955.052         314.594         436004.740      6478878.007     0.37      
3729.86   50.26     93.74     3145.78   963.502         314.037         436013.187      6478877.451     0.28      
3750.00   50.26     93.74     3158.65   978.956         313.027         436028.636      6478876.441     0.00      
