MD        Inc       Azim      TVD       X_Offset_EW  Y_Offset_NS  X_COORD         Y_COORD         DLS
m RKB     deg       deg       m RKB     m               m               m               m               deg/30m
145.90    0.00      0.00      145.90    3.532           -3.169          435053.552      6478560.355     0.00      
153.40    0.15      253.69    153.40    3.523           -3.172          435053.542      6478560.352     0.60      
234.20    0.28      146.02    234.20    3.532           -3.365          435053.551      6478560.159     0.13      
274.60    0.78      136.21    274.60    3.777           -3.646          435053.797      6478559.879     0.38      
315.00    1.46      128.29    314.99    4.371           -4.163          435054.391      6478559.361     0.52      
355.30    3.41      124.07    355.25    5.767           -5.153          435055.786      6478558.372     1.46      
395.70    5.13      126.98    395.54    8.206           -6.912          435058.224      6478556.613     1.29      
436.10    5.52      139.07    435.76    10.921          -9.467          435060.939      6478554.059     0.88      
474.40    5.62      152.33    473.89    12.999          -12.520         435063.016      6478551.008     1.01      
514.80    6.19      163.05    514.07    14.553          -16.355         435064.569      6478547.173     0.92      
557.10    7.03      171.79    556.09    15.588          -21.099         435065.603      6478542.431     0.93      
597.50    7.74      174.05    596.16    16.223          -26.252         435066.238      6478537.280     0.57      
637.80    8.49      174.54    636.05    16.787          -31.912         435066.802      6478531.622     0.56      
678.20    8.94      175.57    675.99    17.313          -38.011         435067.328      6478525.525     0.35      
718.50    9.34      177.45    715.77    17.701          -44.400         435067.715      6478519.139     0.37      
758.90    10.22     185.51    755.59    17.502          -51.243         435067.517      6478512.298     1.21      
799.30    11.89     193.59    795.24    16.180          -58.857         435066.195      6478504.687     1.69      
839.70    13.68     199.13    834.64    13.636          -67.417         435063.652      6478496.130     1.61      
880.00    15.14     201.54    873.67    10.142          -76.815         435060.159      6478486.735     1.17      
920.40    13.72     203.30    912.79    6.310           -86.123         435056.328      6478477.430     1.10      
960.80    14.53     201.31    951.97    2.573           -95.245         435052.593      6478468.311     0.70      
1001.10   16.51     200.62    990.80    -1.281          -105.315        435048.740      6478458.245     1.48      
1041.60   16.33     201.19    1029.65   -5.366          -116.010        435044.657      6478447.554     0.18      
1081.90   16.18     205.25    1068.34   -9.809          -126.371        435040.215      6478437.196     0.85      
1122.30   17.54     211.88    1107.01   -15.426         -136.633        435034.600      6478426.938     1.75      
1162.60   17.66     221.21    1145.43   -22.662         -146.390        435027.367      6478417.184     2.10      
1203.00   16.05     230.28    1184.10   -30.997         -154.571        435019.035      6478409.006     2.29      
1243.30   15.33     232.77    1222.90   -39.524         -161.354        435010.511      6478402.225     0.73      
1283.80   18.17     237.03    1261.68   -49.087         -168.032        435000.951      6478395.550     2.29      
1324.10   21.21     241.08    1299.62   -60.743         -174.978        434989.299      6478388.606     2.48      
1364.50   24.71     243.03    1336.81   -74.670         -182.344        434975.377      6478381.242     2.66      
1404.90   24.39     243.20    1373.56   -89.641         -189.935        434960.411      6478373.654     0.24      
1445.20   26.03     238.06    1410.02   -104.575        -198.366        434945.483      6478365.226     2.04      
1485.60   28.35     233.84    1445.96   -119.845        -208.718        434930.217      6478354.878     2.24      
1525.90   28.46     236.92    1481.41   -135.617        -219.606        434914.451      6478343.994     1.09      
1566.30   28.53     240.98    1516.92   -152.121        -229.541        434897.953      6478334.062     1.44      
1606.60   28.60     242.01    1552.31   -169.055        -238.737        434881.025      6478324.870     0.37      
1647.00   28.52     239.48    1587.80   -185.902        -248.173        434864.183      6478315.436     0.90      
1687.30   28.58     236.33    1623.20   -202.214        -258.404        434847.878      6478305.209     1.12      
1727.70   28.59     233.29    1658.68   -218.006        -269.540        434832.091      6478294.077     1.08      
1768.10   28.37     229.11    1694.19   -233.013        -281.603        434817.089      6478282.018     1.49      
1808.40   28.17     223.89    1729.69   -246.848        -294.728        434803.259      6478268.898     1.85      
1848.80   28.30     224.77    1765.28   -260.204        -308.399        434789.908      6478255.231     0.32      
1889.10   28.48     221.22    1800.74   -273.264        -322.410        434776.852      6478241.226     1.26      
1939.50   28.59     217.77    1845.02   -288.570        -340.982        434761.552      6478222.660     0.98      
1969.90   28.59     214.37    1871.72   -297.132        -352.737        434752.993      6478210.909     1.61      
2010.20   29.15     214.06    1907.01   -308.072        -368.827        434742.056      6478194.824     0.43      
2050.60   29.23     214.38    1942.28   -319.153        -385.119        434730.979      6478178.538     0.13      
2090.90   30.12     215.13    1977.29   -330.528        -401.510        434719.608      6478162.153     0.72      
2131.30   30.25     213.42    2012.21   -341.966        -418.294        434708.174      6478145.374     0.65      
2171.60   30.35     210.52    2047.01   -352.728        -435.539        434697.416      6478128.136     1.09      
2212.00   32.35     207.87    2081.51   -362.965        -453.889        434687.182      6478109.792     1.80      
2252.30   34.65     207.17    2115.12   -373.239        -473.616        434676.912      6478090.072     1.74      
2286.70   34.23     206.97    2143.49   -382.092        -490.939        434668.062      6478072.755     0.38      
2329.90   32.44     206.19    2179.58   -392.717        -512.167        434657.440      6478051.535     1.28      
2370.20   33.22     205.79    2213.44   -402.291        -531.806        434647.870      6478031.902     0.60      
2410.60   33.23     205.61    2247.24   -411.890        -551.752        434638.274      6478011.963     0.07      
2450.90   33.19     205.41    2280.95   -421.396        -571.673        434628.771      6477992.049     0.09      
2491.30   33.08     205.67    2314.78   -430.917        -591.598        434619.254      6477972.131     0.13      
2531.70   32.85     207.37    2348.68   -440.731        -611.267        434609.443      6477952.469     0.71      
2572.10   34.69     206.81    2382.26   -450.955        -631.260        434599.223      6477932.483     1.39      
2612.40   38.13     206.72    2414.69   -461.725        -652.615        434588.457      6477911.136     2.56      
2652.80   42.06     206.90    2445.59   -473.460        -675.832        434576.726      6477887.926     2.92      
2693.20   46.09     206.27    2474.61   -486.028        -700.960        434564.162      6477862.807     3.01      
2733.60   50.71     203.11    2501.43   -498.614        -728.408        434551.580      6477835.369     3.85      
2773.90   55.83     201.10    2525.52   -510.746        -758.328        434539.453      6477805.460     4.00      
2814.30   59.21     200.84    2547.21   -522.939        -790.147        434527.264      6477773.651     2.52      
2854.60   61.44     201.50    2567.16   -535.586        -822.795        434514.622      6477741.014     1.71      
2895.00   63.80     200.63    2585.74   -548.476        -856.270        434501.736      6477707.551     1.84      
2935.40   64.92     201.01    2603.22   -561.422        -890.313        434488.795      6477673.520     0.87      
2975.80   65.81     201.56    2620.06   -574.753        -924.530        434475.468      6477639.315     0.76      
3016.20   67.69     201.29    2636.01   -588.311        -959.083        434461.915      6477604.774     1.41      
3056.50   67.51     202.60    2651.37   -602.234        -993.641        434447.996      6477570.228     0.91      
3095.90   67.31     202.55    2666.50   -616.199        -1027.231       434434.036      6477536.650     0.16      
3137.20   65.72     201.61    2682.96   -630.439        -1062.330       434419.801      6477501.563     1.31      
3177.60   65.37     202.26    2699.69   -644.176        -1096.443       434406.069      6477467.462     0.51      
3217.90   66.49     203.76    2716.12   -658.561        -1130.308       434391.690      6477433.608     1.32      
3258.30   65.99     203.55    2732.40   -673.396        -1164.177       434376.859      6477399.751     0.40      
3298.60   66.24     204.25    2748.72   -688.325        -1197.866       434361.935      6477366.074     0.51      
3339.00   66.42     205.60    2764.94   -703.919        -1231.420       434346.347      6477332.532     0.93      
3379.40   66.10     204.95    2781.20   -719.709        -1264.860       434330.563      6477299.103     0.50      
3419.70   66.87     201.89    2797.29   -734.391        -1298.765       434315.885      6477265.210     2.17      
3460.10   65.46     201.03    2813.61   -747.912        -1333.156       434302.369      6477230.832     1.20      
3500.50   65.16     201.35    2830.49   -761.180        -1367.380       434289.106      6477196.619     0.31      
3540.80   65.48     203.11    2847.32   -775.034        -1401.275       434275.257      6477162.736     1.21      
3581.20   65.70     202.95    2864.01   -789.426        -1435.132       434260.870      6477128.891     0.20      
3621.50   66.91     199.87    2880.21   -802.890        -1469.484       434247.411      6477094.551     2.28      
3661.90   62.82     197.67    2897.37   -814.666        -1504.099       434235.638      6477059.948     3.38      
3702.30   57.41     199.75    2917.49   -825.881        -1537.266       434224.428      6477026.792     4.23      
3742.60   55.25     200.14    2939.83   -837.320        -1568.792       434212.993      6476995.277     1.63      
3783.00   53.10     199.72    2963.48   -848.486        -1599.585       434201.830      6476964.495     1.62      
3823.30   51.77     201.86    2988.05   -859.819        -1629.447       434190.502      6476934.643     1.60      
3863.60   51.32     205.40    3013.12   -872.462        -1658.353       434177.863      6476905.748     2.09      
3904.00   48.01     210.10    3039.27   -886.764        -1685.604       434163.566      6476878.506     3.62      
3925.90   47.25     210.48    3054.03   -894.924        -1699.575       434155.408      6476864.540     1.11      
3963.80   45.54     207.99    3080.17   -908.333        -1723.514       434142.005      6476840.609     1.97      
4002.89   44.85     204.69    3107.72   -920.639        -1748.360       434129.702      6476815.772     1.87      
4042.88   44.32     202.03    3136.20   -931.771        -1774.125       434118.575      6476790.016     1.46      
4090.00   44.32     202.03    3169.92   -944.119        -1804.642       434106.231      6476759.509     0.00      
