MD        Inc       Azim      TVD       X_Offset_EW  Y_Offset_NS  X_COORD         Y_COORD         DLS
m RKB     deg       deg       m RKB     m               m               m               m               deg/30m
145.90    0.00      0.00      145.90    3.532           -3.169          435053.552      6478560.355     0.00      
153.40    0.15      253.69    153.40    3.523           -3.172          435053.542      6478560.352     0.60      
234.20    0.28      146.02    234.20    3.532           -3.365          435053.551      6478560.159     0.13      
274.60    0.78      136.21    274.60    3.777           -3.646          435053.797      6478559.879     0.38      
315.00    1.46      128.29    314.99    4.371           -4.163          435054.391      6478559.361     0.52      
355.30    3.41      124.07    355.25    5.767           -5.153          435055.786      6478558.372     1.46      
395.70    5.13      126.98    395.54    8.206           -6.912          435058.224      6478556.613     1.29      
436.10    5.52      139.07    435.76    10.921          -9.467          435060.939      6478554.059     0.88      
474.40    5.62      152.33    473.89    12.999          -12.520         435063.016      6478551.008     1.01      
514.80    6.19      163.05    514.07    14.553          -16.355         435064.569      6478547.173     0.92      
557.10    7.03      171.79    556.09    15.588          -21.099         435065.603      6478542.431     0.93      
597.50    7.74      174.05    596.16    16.223          -26.252         435066.238      6478537.280     0.57      
637.80    8.49      174.54    636.05    16.787          -31.912         435066.802      6478531.622     0.56      
678.20    8.94      175.57    675.99    17.313          -38.011         435067.328      6478525.525     0.35      
718.50    9.34      177.45    715.77    17.701          -44.400         435067.715      6478519.139     0.37      
758.90    10.22     185.51    755.59    17.502          -51.243         435067.517      6478512.298     1.21      
799.30    11.89     193.59    795.24    16.180          -58.857         435066.195      6478504.687     1.69      
839.70    13.68     199.13    834.64    13.636          -67.417         435063.652      6478496.130     1.61      
880.00    15.14     201.54    873.67    10.142          -76.815         435060.159      6478486.735     1.17      
920.40    13.72     203.30    912.79    6.310           -86.123         435056.328      6478477.430     1.10      
960.80    14.53     201.31    951.97    2.573           -95.245         435052.593      6478468.311     0.70      
1001.10   16.51     200.62    990.80    -1.281          -105.315        435048.740      6478458.245     1.48      
1041.60   16.33     201.19    1029.65   -5.366          -116.010        435044.657      6478447.554     0.18      
1081.90   16.18     205.25    1068.34   -9.809          -126.371        435040.215      6478437.196     0.85      
1122.30   17.54     211.88    1107.01   -15.426         -136.633        435034.600      6478426.938     1.75      
1162.60   17.66     221.21    1145.43   -22.662         -146.390        435027.367      6478417.184     2.10      
1203.00   16.05     230.28    1184.10   -30.997         -154.571        435019.035      6478409.006     2.29      
1243.30   15.33     232.77    1222.90   -39.524         -161.354        435010.511      6478402.225     0.73      
1283.80   18.17     237.03    1261.68   -49.087         -168.032        435000.951      6478395.550     2.29      
1324.10   21.21     241.08    1299.62   -60.743         -174.978        434989.299      6478388.606     2.48      
1364.50   24.71     243.03    1336.81   -74.670         -182.344        434975.377      6478381.242     2.66      
1389.40   21.90     245.03    1359.68   -83.520         -186.666        434966.530      6478376.922     3.52      
1409.80   21.44     249.87    1378.64   -90.470         -189.555        434959.583      6478374.034     2.71      
1469.50   19.80     266.07    1434.56   -110.820        -194.007        434939.240      6478369.584     2.97      
1510.00   18.51     273.32    1472.82   -124.084        -194.105        434925.981      6478369.486     2.00      
1551.00   16.25     280.28    1511.95   -136.228        -192.704        434913.840      6478370.886     2.24      
1591.00   15.05     294.29    1550.48   -146.472        -189.567        434903.599      6478374.022     2.97      
1631.10   15.19     309.35    1589.21   -155.284        -184.093        434894.791      6478379.494     2.93      
1672.10   15.54     316.07    1628.74   -163.248        -176.731        434886.829      6478386.854     1.33      
1712.70   16.89     323.84    1667.73   -170.503        -168.051        434879.578      6478395.531     1.89      
1753.20   18.95     335.44    1706.28   -176.710        -157.315        434873.372      6478406.263     3.05      
1792.90   20.66     344.61    1743.64   -181.250        -144.696        434868.835      6478418.878     2.68      
1833.50   22.98     351.87    1781.33   -184.272        -129.940        434865.813      6478433.628     2.63      
1874.00   25.39     357.35    1818.28   -185.792        -113.436        434864.294      6478450.127     2.44      
1914.80   27.17     2.38      1854.87   -185.810        -95.387         434864.276      6478468.169     2.10      
1955.10   29.95     3.22      1890.26   -184.862        -76.146         434865.223      6478487.404     2.09      
1995.50   30.21     3.94      1925.22   -183.597        -55.937         434866.487      6478507.605     0.33      
2035.60   30.21     4.37      1959.87   -182.135        -35.813         434867.949      6478527.722     0.16      
2075.60   30.20     4.60      1994.44   -180.562        -15.751         434869.522      6478547.778     0.09      
2116.00   29.79     3.84      2029.43   -179.075        4.391           434871.008      6478567.912     0.42      
2156.50   29.75     3.56      2064.59   -177.777        24.458          434872.306      6478587.972     0.11      
2196.70   29.77     4.21      2099.48   -176.425        44.366          434873.657      6478607.873     0.24      
2277.40   29.78     4.76      2169.53   -173.291        84.318          434876.790      6478647.812     0.10      
2318.10   29.89     3.51      2204.84   -171.832        104.513         434878.249      6478667.999     0.47      
2334.70   29.84     3.86      2219.23   -171.300        112.762         434878.780      6478676.245     0.33      
2398.90   29.97     9.05      2274.89   -167.702        144.539         434882.377      6478708.012     1.21      
2438.60   29.98     13.28     2309.29   -163.864        163.987         434886.214      6478727.453     1.60      
2477.50   29.97     17.83     2342.99   -158.655        182.699         434891.421      6478746.158     1.75      
2519.90   29.99     25.30     2379.73   -150.881        202.368         434899.192      6478765.820     2.64      
2560.90   30.41     32.46     2415.17   -140.929        220.393         434909.141      6478783.840     2.65      
2599.90   29.95     36.04     2448.89   -129.903        236.595         434920.163      6478800.036     1.43      
2630.60   30.28     37.52     2475.45   -120.680        248.931         434929.383      6478812.367     0.79      
2670.50   34.29     42.15     2509.18   -107.004        265.251         434943.055      6478828.682     3.54      
2711.40   38.53     44.94     2542.09   -90.265         282.819         434959.787      6478846.244     3.34      
2752.10   42.00     46.98     2573.14   -71.349         301.089         434978.697      6478864.507     2.74      
2792.40   46.02     47.94     2602.12   -50.717         320.009         434999.321      6478883.421     3.03      
2832.70   50.32     47.55     2628.99   -28.499         340.199         435021.532      6478903.604     3.21      
2873.30   54.93     46.75     2653.63   -4.856          362.140         435045.166      6478925.537     3.44      
2913.30   59.10     46.48     2675.40   19.521          385.183         435069.535      6478948.572     3.13      
2953.60   62.83     48.54     2694.96   45.505          408.969         435095.510      6478972.349     3.08      
2993.30   62.91     52.42     2713.07   72.753          431.446         435122.748      6478994.819     2.61      
3033.80   62.98     56.67     2731.50   102.124         452.361         435152.109      6479015.726     2.80      
3074.50   62.98     61.23     2749.99   133.174         471.055         435183.149      6479034.414     2.99      
3114.70   63.50     66.91     2768.11   165.439         486.738         435215.402      6479050.091     3.80      
3154.90   63.52     71.45     2786.04   199.056         499.521         435249.008      6479062.870     3.03      
3195.20   63.59     75.71     2804.00   233.657         509.717         435283.596      6479073.063     2.84      
3235.30   65.19     81.10     2821.34   269.063         516.970         435318.990      6479080.313     3.83      
3275.10   66.93     85.66     2837.50   305.183         521.153         435355.098      6479084.494     3.40      
3354.30   67.34     89.38     2868.28   378.075         524.306         435427.964      6479087.646     1.31      
3395.50   68.96     92.97     2883.62   416.298         523.515         435466.174      6479086.856     2.70      
3436.60   69.87     96.73     2898.07   454.626         520.259         435504.489      6479083.601     2.65      
3477.60   71.37     101.82    2911.69   492.780         514.020         435542.629      6479077.364     3.68      
3516.50   74.54     106.98    2923.09   528.780         504.762         435578.617      6479068.110     4.52      
3556.80   73.24     107.38    2934.28   565.770         493.327         435615.593      6479056.678     1.01      
3597.70   76.60     107.41    2944.92   603.450         481.522         435653.260      6479044.878     2.46      
3637.60   78.44     107.46    2953.54   640.615         469.850         435690.413      6479033.210     1.38      
3678.50   79.55     108.18    2961.35   678.836         457.564         435728.621      6479020.927     0.97      
3718.30   78.51     106.58    2968.92   716.123         445.892         435765.894      6479009.260     1.42      
3758.80   73.62     104.51    2978.67   753.977         435.354         435803.736      6478998.726     3.92      
3798.60   68.99     105.01    2991.42   790.424         425.754         435840.169      6478989.129     3.51      
3834.90   65.90     107.78    3005.35   822.579         416.303         435872.313      6478979.681     3.32      
3878.40   65.99     109.35    3023.08   860.232         403.656         435909.954      6478967.039     0.99      
3918.70   65.98     109.47    3039.48   894.952         391.423         435944.661      6478954.810     0.08      
3959.10   68.18     111.60    3055.22   929.791         378.367         435979.488      6478941.758     2.19      
3999.80   71.27     111.64    3069.32   965.279         364.302         436014.964      6478927.698     2.28      
4041.10   74.92     112.17    3081.33   1001.934        349.561         436051.606      6478912.962     2.68      
4081.40   74.89     111.29    3091.82   1038.079        335.155         436087.738      6478898.562     0.63      
4121.40   75.02     109.65    3102.20   1074.267        321.647         436123.914      6478885.058     1.19      
4161.60   76.92     109.69    3111.95   1110.990        308.520         436160.624      6478871.935     1.42      
4174.20   77.15     109.31    3114.78   1122.565        304.421         436172.195      6478867.838     1.04      
4202.30   78.85     108.76    3120.62   1148.547        295.457         436198.168      6478858.877     1.90      
4242.10   79.01     107.19    3128.26   1185.698        283.404         436235.306      6478846.828     1.17      
4282.70   78.90     106.62    3136.04   1223.824        271.817         436273.419      6478835.245     0.42      
4322.70   78.97     106.47    3143.72   1261.455        260.638         436311.037      6478824.070     0.12      
4362.40   77.50     106.91    3151.81   1298.683        249.476         436348.252      6478812.913     1.16      
4403.70   75.94     107.23    3161.30   1337.107        237.678         436386.662      6478801.118     1.16      
4443.40   78.75     107.82    3169.99   1374.040        226.014         436423.583      6478789.458     2.17      
4483.80   79.04     108.06    3177.78   1411.756        213.803         436461.285      6478777.252     0.28      
4524.20   77.65     107.51    3185.94   1449.431        201.717         436498.947      6478765.170     1.11      
4564.90   80.05     107.84    3193.81   1487.475        189.594         436536.978      6478753.051     1.79      
4605.40   82.04     108.48    3200.11   1525.486        177.125         436574.976      6478740.587     1.55      
4645.70   82.04     108.37    3205.69   1563.352        164.511         436612.828      6478727.976     0.08      
4671.00   79.48     107.27    3209.75   1587.123        156.868         436636.591      6478720.337     3.30      
4685.00   79.48     107.27    3212.31   1600.267        152.782         436649.731      6478716.252     0.00      
