MD        Inc       Azim      TVD       X_Offset_EW  Y_Offset_NS  X_COORD         Y_COORD         DLS
m RKB     deg       deg       m RKB     m               m               m               m               deg/30m
145.90    0.00      0.00      145.90    3.532           -3.169          435053.552      6478560.355     0.00      
153.40    0.15      253.69    153.40    3.523           -3.172          435053.542      6478560.352     0.60      
234.20    0.28      146.02    234.20    3.532           -3.365          435053.551      6478560.159     0.13      
274.60    0.78      136.21    274.60    3.777           -3.646          435053.797      6478559.879     0.38      
315.00    1.46      128.29    314.99    4.371           -4.163          435054.391      6478559.361     0.52      
355.30    3.41      124.07    355.25    5.767           -5.153          435055.786      6478558.372     1.46      
395.70    5.13      126.98    395.54    8.206           -6.912          435058.224      6478556.613     1.29      
436.10    5.52      139.07    435.76    10.921          -9.467          435060.939      6478554.059     0.88      
474.40    5.62      152.33    473.89    12.999          -12.520         435063.016      6478551.008     1.01      
514.80    6.19      163.05    514.07    14.553          -16.355         435064.569      6478547.173     0.92      
557.10    7.03      171.79    556.09    15.588          -21.099         435065.603      6478542.431     0.93      
597.50    7.74      174.05    596.16    16.223          -26.252         435066.238      6478537.280     0.57      
637.80    8.49      174.54    636.05    16.787          -31.912         435066.802      6478531.622     0.56      
678.20    8.94      175.57    675.99    17.313          -38.011         435067.328      6478525.525     0.35      
718.50    9.34      177.45    715.77    17.701          -44.400         435067.715      6478519.139     0.37      
758.90    10.22     185.51    755.59    17.502          -51.243         435067.517      6478512.298     1.21      
799.30    11.89     193.59    795.24    16.180          -58.857         435066.195      6478504.687     1.69      
839.70    13.68     199.13    834.64    13.636          -67.417         435063.652      6478496.130     1.61      
880.00    15.14     201.54    873.67    10.142          -76.815         435060.159      6478486.735     1.17      
920.40    13.72     203.30    912.79    6.310           -86.123         435056.328      6478477.430     1.10      
960.80    14.53     201.31    951.97    2.573           -95.245         435052.593      6478468.311     0.70      
1001.10   16.51     200.62    990.80    -1.281          -105.315        435048.740      6478458.245     1.48      
1041.60   16.33     201.19    1029.65   -5.366          -116.010        435044.657      6478447.554     0.18      
1081.90   16.18     205.25    1068.34   -9.809          -126.371        435040.215      6478437.196     0.85      
1122.30   17.54     211.88    1107.01   -15.426         -136.633        435034.600      6478426.938     1.75      
1162.60   17.66     221.21    1145.43   -22.662         -146.390        435027.367      6478417.184     2.10      
1203.00   16.05     230.28    1184.10   -30.997         -154.571        435019.035      6478409.006     2.29      
1243.30   15.33     232.77    1222.90   -39.524         -161.354        435010.511      6478402.225     0.73      
1283.80   18.17     237.03    1261.68   -49.087         -168.032        435000.951      6478395.550     2.29      
1324.10   21.21     241.08    1299.62   -60.743         -174.978        434989.299      6478388.606     2.48      
1364.50   24.71     243.03    1336.81   -74.670         -182.344        434975.377      6478381.242     2.66      
1383.00   26.95     242.95    1353.46   -81.850         -186.005        434968.199      6478377.583     3.63      
1406.00   25.71     234.70    1374.08   -90.567         -191.260        434959.485      6478372.329     5.04      
1445.00   24.44     222.89    1409.43   -102.971        -202.067        434947.086      6478361.527     3.97      
1487.00   21.59     210.72    1448.10   -112.839        -215.086        434937.221      6478348.512     3.95      
1544.00   20.56     192.78    1501.35   -120.418        -233.882        434929.645      6478329.722     3.43      
1584.00   21.08     181.10    1538.75   -122.111        -247.930        434927.953      6478315.679     3.13      
1625.00   21.07     170.97    1577.02   -121.095        -262.586        434928.968      6478301.029     2.66      
1665.00   20.92     159.85    1614.38   -117.505        -276.396        434932.556      6478287.223     2.99      
1705.00   22.16     151.36    1651.59   -111.428        -289.725        434938.632      6478273.899     2.51      
1746.00   24.79     147.70    1689.20   -103.127        -303.780        434946.930      6478259.849     2.20      
1786.00   27.24     144.45    1725.15   -93.321         -318.320        434956.732      6478245.314     2.13      
1827.00   27.70     143.46    1761.52   -82.192         -333.610        434967.858      6478230.029     0.47      
1867.00   28.14     143.47    1796.87   -71.042         -348.659        434979.004      6478214.985     0.33      
1907.00   27.08     143.10    1832.31   -59.960         -363.520        434990.081      6478200.130     0.81      
1948.00   27.31     143.53    1868.78   -48.766         -378.547        435001.271      6478185.108     0.22      
1988.00   27.71     143.72    1904.26   -37.809         -393.423        435012.225      6478170.237     0.31      
2028.00   27.86     145.00    1939.64   -26.945         -408.576        435023.085      6478155.089     0.46      
2069.00   27.42     149.82    1975.97   -16.703         -424.586        435033.324      6478139.085     1.67      
2109.00   26.74     154.96    2011.59   -8.263          -440.703        435041.761      6478122.973     1.83      
2149.00   25.09     162.89    2047.58   -1.957          -456.968        435048.065      6478106.714     2.88      
2190.00   24.05     170.43    2084.87   1.991           -473.519        435052.011      6478090.169     2.42      
2230.00   24.40     174.59    2121.35   4.125           -489.783        435054.145      6478073.911     1.31      
2270.00   23.87     181.76    2157.87   4.656           -506.101        435054.675      6478057.598     2.23      
2311.00   24.72     188.97    2195.24   3.064           -522.865        435053.084      6478040.840     2.26      
2351.00   25.05     194.20    2231.53   -0.318          -539.338        435049.703      6478024.373     1.67      
2392.00   25.95     202.77    2268.55   -5.921          -556.030        435044.102      6478007.687     2.78      
2432.00   27.22     209.99    2304.33   -13.883         -572.028        435036.142      6477991.694     2.60      
2486.00   28.73     219.32    2352.04   -28.288         -592.776        435021.743      6477970.953     2.57      
2513.00   30.35     223.67    2375.54   -37.112         -602.732        435012.922      6477961.001     2.99      
2544.30   32.21     227.05    2402.29   -48.680         -614.138        435001.358      6477949.599     2.45      
2584.60   36.06     231.49    2435.64   -65.832         -628.849        434984.212      6477934.893     3.41      
2624.91   39.18     235.66    2467.57   -85.637         -643.425        434964.414      6477920.323     3.00      
2665.26   41.67     241.21    2498.30   -107.927        -657.081        434942.131      6477906.671     3.25      
2705.63   43.76     244.74    2527.96   -132.320        -669.504        434917.747      6477894.252     2.36      
2745.99   46.14     249.81    2556.53   -158.612        -680.487        434891.464      6477883.273     3.20      
2786.36   48.79     250.79    2583.82   -186.616        -690.509        434863.469      6477873.255     2.04      
2826.70   51.38     251.73    2609.70   -215.915        -700.444        434834.181      6477863.323     2.00      
2867.05   51.74     251.02    2634.79   -245.864        -710.538        434804.242      6477853.233     0.49      
2907.38   49.19     251.75    2660.46   -275.337        -720.469        434774.780      6477843.305     1.94      
2947.73   49.52     257.15    2686.75   -304.813        -728.667        434745.314      6477835.110     3.06      
2988.07   50.68     263.14    2712.64   -335.280        -733.946        434714.857      6477829.833     3.52      
3028.40   52.73     265.32    2737.64   -366.768        -737.119        434683.381      6477826.661     1.99      
3068.70   57.54     267.07    2760.67   -399.750        -739.298        434650.410      6477824.483     3.74      
3109.03   59.86     268.74    2781.62   -434.184        -740.551        434615.988      6477823.230     2.03      
3149.35   60.21     270.16    2801.76   -469.111        -740.886        434581.073      6477822.895     0.95      
3158.94   59.52     269.88    2806.57   -477.405        -740.883        434572.782      6477822.898     2.29      
3194.82   59.29     272.22    2824.84   -508.281        -740.318        434541.916      6477823.463     1.70      
3234.92   54.92     274.74    2846.61   -541.879        -738.293        434508.331      6477825.487     3.63      
3274.52   53.75     278.21    2869.71   -573.838        -734.673        434476.383      6477829.106     2.31      
3315.03   51.13     279.70    2894.40   -605.556        -729.682        434444.675      6477834.095     2.13      
3355.78   50.70     280.07    2920.09   -636.717        -724.253        434413.525      6477839.523     0.38      
3396.46   48.09     281.46    2946.57   -667.056        -718.492        434383.197      6477845.281     2.08      
3436.37   46.32     282.43    2973.68   -695.706        -712.434        434354.557      6477851.337     1.43      
3476.85   44.43     281.71    3002.11   -723.878        -706.407        434326.395      6477857.362     1.45      
3497.00   44.43     281.71    3016.50   -737.690        -703.544        434312.588      6477860.224     0.00      
