MD        Inc       Azim      TVD       X_Offset_EW  Y_Offset_NS  X_COORD         Y_COORD         DLS
m RKB     deg       deg       m RKB     m               m               m               m               deg/30m
145.90    0.00      0.00      145.90    3.532           -3.169          435053.552      6478560.355     0.00      
153.40    0.15      253.69    153.40    3.523           -3.172          435053.542      6478560.352     0.60      
234.20    0.28      146.02    234.20    3.532           -3.365          435053.551      6478560.159     0.13      
274.60    0.78      136.21    274.60    3.777           -3.646          435053.797      6478559.879     0.38      
315.00    1.46      128.29    314.99    4.371           -4.163          435054.391      6478559.361     0.52      
355.30    3.41      124.07    355.25    5.767           -5.153          435055.786      6478558.372     1.46      
395.70    5.13      126.98    395.54    8.206           -6.912          435058.224      6478556.613     1.29      
436.10    5.52      139.07    435.76    10.921          -9.467          435060.939      6478554.059     0.88      
474.40    5.62      152.33    473.89    12.999          -12.520         435063.016      6478551.008     1.01      
514.80    6.19      163.05    514.07    14.553          -16.355         435064.569      6478547.173     0.92      
557.10    7.03      171.79    556.09    15.588          -21.099         435065.603      6478542.431     0.93      
597.50    7.74      174.05    596.16    16.223          -26.252         435066.238      6478537.280     0.57      
637.80    8.49      174.54    636.05    16.787          -31.912         435066.802      6478531.622     0.56      
678.20    8.94      175.57    675.99    17.313          -38.011         435067.328      6478525.525     0.35      
718.50    9.34      177.45    715.77    17.701          -44.400         435067.715      6478519.139     0.37      
758.90    10.22     185.51    755.59    17.502          -51.243         435067.517      6478512.298     1.21      
799.30    11.89     193.59    795.24    16.180          -58.857         435066.195      6478504.687     1.69      
839.70    13.68     199.13    834.64    13.636          -67.417         435063.652      6478496.130     1.61      
880.00    15.14     201.54    873.67    10.142          -76.815         435060.159      6478486.735     1.17      
920.40    13.72     203.30    912.79    6.310           -86.123         435056.328      6478477.430     1.10      
960.80    14.53     201.31    951.97    2.573           -95.245         435052.593      6478468.311     0.70      
1001.10   16.51     200.62    990.80    -1.281          -105.315        435048.740      6478458.245     1.48      
1041.60   16.33     201.19    1029.65   -5.366          -116.010        435044.657      6478447.554     0.18      
1081.90   16.18     205.25    1068.34   -9.809          -126.371        435040.215      6478437.196     0.85      
1122.30   17.54     211.88    1107.01   -15.426         -136.633        435034.600      6478426.938     1.75      
1162.60   17.66     221.21    1145.43   -22.662         -146.390        435027.367      6478417.184     2.10      
1203.00   16.05     230.28    1184.10   -30.997         -154.571        435019.035      6478409.006     2.29      
1243.30   15.33     232.77    1222.90   -39.524         -161.354        435010.511      6478402.225     0.73      
1283.80   18.17     237.03    1261.68   -49.087         -168.032        435000.951      6478395.550     2.29      
1324.10   21.21     241.08    1299.62   -60.743         -174.978        434989.299      6478388.606     2.48      
1364.50   24.71     243.03    1336.81   -74.670         -182.344        434975.377      6478381.242     2.66      
1383.00   26.95     242.95    1353.46   -81.850         -186.005        434968.199      6478377.583     3.63      
1406.00   25.71     234.70    1374.08   -90.567         -191.260        434959.485      6478372.329     5.04      
1445.00   24.44     222.89    1409.43   -102.971        -202.067        434947.086      6478361.527     3.97      
1487.00   21.59     210.72    1448.10   -112.839        -215.086        434937.221      6478348.512     3.95      
1544.00   20.56     192.78    1501.35   -120.418        -233.882        434929.645      6478329.722     3.43      
1584.00   21.08     181.10    1538.75   -122.111        -247.930        434927.953      6478315.679     3.13      
1625.00   21.07     170.97    1577.02   -121.095        -262.586        434928.968      6478301.029     2.66      
1665.00   20.92     159.85    1614.38   -117.505        -276.396        434932.556      6478287.223     2.99      
1705.00   22.16     151.36    1651.59   -111.428        -289.725        434938.632      6478273.899     2.51      
1746.00   24.79     147.70    1689.20   -103.127        -303.780        434946.930      6478259.849     2.20      
1786.00   27.24     144.45    1725.15   -93.321         -318.320        434956.732      6478245.314     2.13      
1827.00   27.70     143.46    1761.52   -82.192         -333.610        434967.858      6478230.029     0.47      
1867.00   28.14     143.47    1796.87   -71.042         -348.659        434979.004      6478214.985     0.33      
1907.00   27.08     143.10    1832.31   -59.960         -363.520        434990.081      6478200.130     0.81      
1948.00   27.31     143.53    1868.78   -48.766         -378.547        435001.271      6478185.108     0.22      
1988.00   27.71     143.72    1904.26   -37.809         -393.423        435012.225      6478170.237     0.31      
2028.00   27.86     145.00    1939.64   -26.945         -408.576        435023.085      6478155.089     0.46      
2069.00   27.42     149.82    1975.97   -16.703         -424.586        435033.324      6478139.085     1.67      
2109.00   26.74     154.96    2011.59   -8.263          -440.703        435041.761      6478122.973     1.83      
2149.00   25.09     162.89    2047.58   -1.957          -456.968        435048.065      6478106.714     2.88      
2190.00   24.05     170.43    2084.87   1.991           -473.519        435052.011      6478090.169     2.42      
2230.00   24.40     174.59    2121.35   4.125           -489.783        435054.145      6478073.911     1.31      
2270.00   23.87     181.76    2157.87   4.656           -506.101        435054.675      6478057.598     2.23      
2311.00   24.72     188.97    2195.24   3.064           -522.865        435053.084      6478040.840     2.26      
2351.00   25.05     194.20    2231.53   -0.318          -539.338        435049.703      6478024.373     1.67      
2392.00   25.95     202.77    2268.55   -5.921          -556.030        435044.102      6478007.687     2.78      
2432.00   27.22     209.99    2304.33   -13.883         -572.028        435036.142      6477991.694     2.60      
2486.00   28.73     219.32    2352.04   -28.288         -592.776        435021.743      6477970.953     2.57      
2513.00   30.35     223.67    2375.54   -37.112         -602.732        435012.922      6477961.001     2.99      
2563.48   33.26     229.77    2418.44   -56.496         -620.906        434993.545      6477942.833     2.58      
2603.80   32.08     231.01    2452.38   -73.260         -634.784        434976.787      6477928.960     1.01      
2644.15   27.57     233.84    2487.38   -89.136         -647.042        434960.916      6477916.706     3.51      
2684.45   25.99     233.83    2523.36   -103.795        -657.757        434946.262      6477905.995     1.18      
2724.77   22.08     234.57    2560.17   -117.106        -667.368        434932.955      6477896.387     2.92      
2765.09   16.67     243.57    2598.21   -128.471        -674.342        434921.595      6477889.416     4.59      
2803.11   13.75     248.58    2634.89   -137.563        -678.420        434912.506      6477885.339     2.52      
2852.00   11.69     248.05    2682.58   -147.567        -682.394        434902.506      6477881.367     1.27      
2892.40   12.47     247.23    2722.08   -155.385        -685.612        434894.690      6477878.150     0.59      
2939.74   12.77     250.95    2768.28   -165.043        -689.298        434885.035      6477874.465     0.55      
2969.76   13.62     261.50    2797.51   -171.676        -690.904        434878.405      6477872.860     2.55      
2997.14   15.39     260.20    2824.02   -178.445        -691.999        434871.638      6477871.765     1.97      
3038.44   18.98     261.37    2863.47   -190.489        -693.940        434859.598      6477869.825     2.62      
3078.27   19.82     259.28    2901.04   -203.528        -696.168        434846.564      6477867.598     0.82      
3118.28   21.94     256.07    2938.42   -217.450        -699.229        434832.647      6477864.537     1.81      
3158.54   22.35     256.20    2975.71   -232.184        -702.866        434817.918      6477860.902     0.31      
3199.02   21.27     256.14    3013.29   -246.787        -706.461        434803.320      6477857.308     0.80      
3211.78   20.98     255.56    3025.19   -251.246        -707.585        434798.862      6477856.185     0.84      
3232.00   20.98     255.56    3044.07   -258.257        -709.390        434791.854      6477854.380     0.00      
