MD        Inc       Azim      TVD       X_Offset_EW  Y_Offset_NS  X_COORD         Y_COORD         DLS
m RKB     deg       deg       m RKB     m               m               m               m               deg/30m
145.90    0.00      0.00      145.90    -0.190          -2.699          435049.831      6478560.825     0.00      
184.12    0.10      233.25    184.12    -0.216          -2.719          435049.805      6478560.805     0.08      
224.45    0.16      227.58    224.45    -0.286          -2.778          435049.735      6478560.746     0.05      
264.79    0.84      218.68    264.79    -0.512          -3.047          435049.509      6478560.477     0.51      
305.10    1.60      210.39    305.09    -0.982          -3.763          435049.039      6478559.761     0.58      
345.45    2.76      227.92    345.41    -1.988          -4.900          435048.034      6478558.625     0.99      
385.80    5.17      242.27    385.66    -4.318          -6.397          435045.704      6478557.128     1.92      
426.12    7.04      240.40    425.75    -8.075          -8.463          435041.948      6478555.063     1.40      
466.40    8.06      224.23    465.68    -12.192         -11.706         435037.833      6478551.821     1.75      
506.65    8.85      205.85    505.50    -15.511         -16.515         435034.516      6478547.013     2.09      
546.96    8.90      191.34    545.34    -17.476         -22.364         435032.551      6478541.167     1.66      
587.28    8.91      181.74    585.17    -18.184         -28.543         435031.843      6478534.990     1.10      
627.54    9.00      180.61    624.94    -18.312         -34.809         435031.715      6478528.726     0.15      
667.63    9.45      172.33    664.52    -17.907         -41.206         435032.121      6478522.331     1.05      
707.96    9.68      168.40    704.29    -16.783         -47.809         435033.244      6478515.731     0.51      
748.28    11.47     163.50    743.92    -14.962         -54.974         435035.064      6478508.568     1.49      
788.57    13.92     158.60    783.22    -12.056         -63.329         435037.969      6478500.216     1.99      
828.91    15.68     154.79    822.22    -7.963          -72.779         435042.061      6478490.769     1.49      
869.25    16.74     152.61    860.96    -2.968          -82.870         435047.054      6478480.682     0.91      
909.60    16.06     153.68    899.67    2.180           -93.032         435052.200      6478470.523     0.55      
949.94    14.95     155.21    938.54    6.836           -102.758        435056.854      6478460.801     0.88      
990.29    13.70     155.13    977.63    11.028          -111.819        435061.045      6478451.743     0.93      
1030.67   12.89     151.78    1016.93   15.168          -120.126        435065.184      6478443.439     0.83      
1071.00   12.15     152.10    1056.30   19.282          -127.840        435069.296      6478435.727     0.55      
1111.37   12.64     147.23    1095.73   23.660          -135.309        435073.673      6478428.261     0.86      
1151.73   15.84     143.99    1134.85   29.291          -143.480        435079.301      6478420.093     2.45      
1192.07   18.18     149.72    1173.42   35.702          -153.370        435085.710      6478410.206     2.14      
1232.42   18.49     144.76    1211.73   42.568          -164.033        435092.574      6478399.548     1.18      
1272.73   16.15     144.57    1250.21   49.507          -173.823        435099.511      6478389.761     1.74      
1313.08   15.42     145.64    1289.04   55.788          -182.824        435105.789      6478380.763     0.58      
1353.43   15.54     145.81    1327.92   61.853          -191.723        435111.852      6478371.867     0.10      
1393.74   15.68     134.88    1366.75   68.749          -200.035        435118.746      6478363.558     2.19      
1434.06   16.31     123.73    1405.52   77.320          -207.025        435127.314      6478356.570     2.33      
1474.42   18.16     110.38    1444.08   87.934          -212.365        435137.924      6478351.232     3.24      
1514.76   21.78     110.07    1481.99   100.861         -217.124        435150.847      6478346.475     2.69      
1555.11   23.34     111.89    1519.25   115.310         -222.673        435165.291      6478340.927     1.27      
1595.46   24.60     113.51    1556.12   130.429         -229.004        435180.404      6478334.599     1.06      
1635.81   26.12     116.02    1592.58   146.113         -236.251        435196.083      6478327.354     1.38      
1676.14   25.75     111.05    1628.86   162.269         -243.293        435212.234      6478320.315     1.64      
1716.50   25.56     105.93    1665.24   178.826         -248.833        435228.784      6478314.777     1.65      
1756.82   25.59     106.13    1701.61   195.555         -253.639        435245.508      6478309.972     0.07      
1797.22   25.55     107.65    1738.06   212.239         -258.705        435262.186      6478304.909     0.49      
1837.56   25.47     106.67    1774.46   228.838         -263.830        435278.779      6478299.784     0.32      
1877.90   25.62     106.64    1810.86   245.503         -268.816        435295.439      6478294.801     0.11      
1918.25   25.57     108.44    1847.25   262.123         -274.069        435312.052      6478289.550     0.58      
1958.61   25.50     107.99    1883.67   278.648         -279.507        435328.572      6478284.113     0.15      
1998.97   26.11     107.77    1920.00   295.369         -284.901        435345.287      6478278.722     0.46      
2039.32   25.96     107.45    1956.26   312.249         -290.259        435362.161      6478273.365     0.15      
2079.67   26.64     109.21    1992.43   329.217         -295.884        435379.124      6478267.742     0.77      
2120.01   26.48     109.43    2028.52   346.239         -301.851        435396.139      6478261.777     0.14      
2160.35   26.41     110.00    2064.63   363.151         -307.911        435413.045      6478255.719     0.20      
2200.70   26.70     109.90    2100.73   380.107         -314.066        435429.995      6478249.566     0.22      
2241.06   26.47     109.31    2136.82   397.122         -320.127        435447.004      6478243.508     0.26      
2281.44   26.44     106.54    2172.97   414.233         -325.662        435464.110      6478237.974     0.92      
2321.84   26.41     106.65    2209.15   431.463         -330.797        435481.334      6478232.841     0.04      
2362.19   26.58     106.32    2245.26   448.724         -335.905        435498.589      6478227.735     0.17      
2402.55   26.67     106.08    2281.34   466.093         -340.951        435515.952      6478222.691     0.10      
2442.90   26.50     105.54    2317.43   483.468         -345.871        435533.320      6478217.772     0.22      
2483.25   27.05     106.30    2353.45   500.947         -350.858        435550.793      6478212.787     0.48      
2523.62   27.47     106.17    2389.34   518.700         -356.027        435568.540      6478207.620     0.32      
2563.96   27.40     105.47    2425.14   536.582         -361.094        435586.416      6478202.554     0.25      
2604.31   26.84     107.02    2461.06   554.241         -366.237        435604.069      6478197.413     0.67      
2644.66   27.58     113.83    2496.95   571.500         -372.679        435621.322      6478190.974     2.38      
2685.02   27.86     122.13    2532.69   588.039         -381.473        435637.855      6478182.183     2.88      
2696.43   28.19     124.71    2542.76   592.512         -384.425        435642.327      6478179.232     3.30      
2740.79   29.63     133.70    2581.61   609.062         -397.975        435658.871      6478165.687     3.09      
2773.90   31.22     140.01    2610.17   620.497         -410.208        435670.302      6478153.458     3.23      
2800.66   31.75     145.84    2633.00   628.910         -421.350        435678.712      6478142.320     3.46      
2840.30   31.62     150.50    2666.73   639.885         -439.027        435689.683      6478124.649     1.85      
2879.85   32.11     155.23    2700.33   649.395         -457.598        435699.190      6478106.085     1.93      
2920.07   32.76     160.49    2734.28   657.510         -477.565        435707.302      6478086.124     2.16      
2959.08   34.44     162.51    2766.77   664.351         -498.037        435714.140      6478065.660     1.55      
3001.10   35.31     165.32    2801.25   671.000         -521.119        435720.787      6478042.586     1.30      
3041.46   36.60     171.51    2833.93   675.734         -544.311        435725.520      6478019.402     2.87      
3081.29   37.88     178.79    2865.65   677.746         -568.293        435727.531      6477995.428     3.45      
3121.75   40.87     183.49    2896.93   677.203         -593.936        435726.988      6477969.794     3.13      
3162.81   43.81     186.08    2927.28   674.879         -621.485        435724.665      6477942.254     2.50      
3203.53   46.88     187.49    2955.90   671.448         -650.242        435721.235      6477913.507     2.38      
3244.08   50.42     190.19    2982.68   666.752         -680.308        435716.541      6477883.452     3.02      
3284.75   52.56     193.10    3008.01   660.318         -711.467        435710.109      6477852.304     2.30      
3325.09   54.85     195.14    3031.89   652.380         -742.991        435702.173      6477820.791     2.10      
3365.11   55.23     196.13    3054.82   643.540         -774.575        435693.336      6477789.218     0.67      
3404.82   55.15     197.06    3077.49   634.228         -805.820        435684.028      6477757.983     0.58      
3444.78   54.88     199.93    3100.40   623.846         -836.864        435673.649      6477726.951     1.78      
3484.98   54.67     202.72    3123.59   611.906         -867.450        435661.714      6477696.375     1.71      
3510.00   54.67     202.72    3138.06   604.023         -886.278        435653.833      6477677.554     0.00      
