MD        Inc       Azim      TVD       X_Offset_EW  Y_Offset_NS  X_COORD         Y_COORD         DLS
m RKB     deg       deg       m RKB     m               m               m               m               deg/30m
145.90    0.00      0.00      145.90    0.925           -4.655          435050.945      6478558.870     0.00      
146.00    0.00      0.00      146.00    0.925           -4.655          435050.945      6478558.870     0.00      
154.90    0.16      221.03    154.90    0.916           -4.664          435050.937      6478558.861     0.54      
195.30    0.28      98.15     195.30    0.977           -4.721          435050.998      6478558.804     0.29      
235.60    0.64      43.64     235.60    1.230           -4.572          435051.250      6478558.953     0.39      
276.00    1.51      188.03    275.99    1.311           -4.935          435051.332      6478558.589     1.53      
316.40    2.21      178.31    316.37    1.260           -6.241          435051.280      6478557.284     0.57      
356.70    4.11      173.29    356.61    1.452           -8.452          435051.472      6478555.074     1.43      
397.10    7.66      171.91    396.79    2.000           -12.557         435052.020      6478550.970     2.64      
437.50    9.13      178.88    436.76    2.441           -18.428         435052.462      6478545.101     1.33      
477.80    10.58     180.10    476.46    2.498           -25.325         435052.518      6478538.207     1.09      
518.20    11.35     177.18    516.12    2.687           -33.005         435052.707      6478530.530     0.70      
558.50    11.51     168.58    555.63    3.678           -40.907         435053.698      6478522.630     1.27      
598.90    12.38     160.99    595.16    5.887           -48.953         435055.906      6478514.587     1.33      
639.30    13.56     152.14    634.53    9.511           -57.236         435059.529      6478506.307     1.71      
679.60    14.30     144.14    673.65    14.635          -65.447         435064.651      6478498.098     1.53      
720.00    15.63     138.03    712.68    21.198          -73.538         435071.212      6478490.010     1.53      
760.40    18.50     128.65    751.30    29.847          -81.591         435079.857      6478481.960     2.95      
800.70    21.63     122.01    789.16    41.143          -89.524         435091.149      6478474.030     2.88      
841.10    23.86     117.08    826.42    54.735          -97.193         435104.737      6478466.364     2.18      
881.50    26.84     113.98    862.92    70.347          -104.621        435120.344      6478458.939     2.42      
921.80    25.33     116.92    899.12    86.348          -112.222        435136.339      6478451.340     1.48      
962.20    22.47     119.01    936.05    100.809         -119.881        435150.795      6478443.684     2.21      
1002.60   19.82     122.15    973.73    113.362         -127.271        435163.344      6478436.296     2.14      
1043.00   17.20     122.87    1012.04   124.180         -134.159        435174.158      6478429.411     1.95      
1083.30   15.00     123.11    1050.75   133.554         -140.242        435183.528      6478423.329     1.64      
1123.70   17.73     118.94    1089.51   143.319         -146.076        435193.290      6478417.498     2.21      
1164.10   21.77     113.96    1127.53   155.554         -152.098        435205.521      6478411.478     3.25      
1204.40   26.13     110.24    1164.36   170.718         -158.207        435220.680      6478405.372     3.43      
1244.80   29.60     108.19    1200.07   188.550         -164.401        435238.505      6478399.179     2.67      
1285.20   31.04     109.95    1234.94   207.821         -171.070        435257.770      6478392.513     1.26      
1325.60   28.60     112.14    1269.99   226.572         -178.269        435276.514      6478385.316     1.98      
1365.90   25.50     114.90    1305.88   243.380         -185.559        435293.316      6478378.029     2.49      
1406.30   29.89     114.65    1341.64   260.425         -193.423        435310.355      6478370.168     3.26      
1446.60   31.10     113.78    1376.37   279.077         -201.808        435329.000      6478361.785     0.96      
1487.00   31.91     113.02    1410.81   298.452         -210.191        435348.369      6478353.405     0.67      
1527.30   31.93     113.02    1445.02   318.064         -218.523        435367.974      6478345.076     0.01      
1567.70   32.67     110.91    1479.17   338.083         -226.593        435387.986      6478337.009     1.00      
1608.00   33.69     107.70    1512.90   358.894         -233.874        435408.790      6478329.730     1.51      
1648.40   34.24     106.15    1546.41   380.486         -240.442        435430.375      6478323.164     0.76      
1688.80   34.99     103.16    1579.66   402.684         -246.242        435452.565      6478317.367     1.38      
1729.10   35.88     101.36    1612.49   425.515         -251.199        435475.388      6478312.412     1.02      
1769.50   35.93     103.37    1645.22   448.655         -256.272        435498.520      6478307.340     0.88      
1809.80   35.95     104.77    1677.85   471.598         -262.022        435521.454      6478301.592     0.61      
1850.20   35.83     106.25    1710.58   494.418         -268.354        435544.266      6478295.262     0.65      
1890.60   36.05     109.56    1743.29   516.974         -275.644        435566.814      6478287.975     1.45      
1930.90   36.80     111.45    1775.72   539.383         -284.028        435589.216      6478279.594     1.00      
1971.30   36.16     113.43    1808.20   561.582         -293.193        435611.407      6478270.432     0.99      
2011.70   35.90     113.73    1840.87   583.361         -302.699        435633.179      6478260.930     0.23      
2052.00   34.88     114.41    1873.73   604.672         -312.216        435654.482      6478251.416     0.81      
2092.40   33.50     112.95    1907.14   625.458         -321.338        435675.262      6478242.297     1.19      
2132.70   32.25     110.97    1940.99   645.741         -329.523        435695.537      6478234.115     1.23      
2173.00   32.85     108.23    1974.96   666.164         -336.791        435715.953      6478226.850     1.18      
2213.40   32.96     103.95    2008.89   687.240         -342.869        435737.022      6478220.774     1.73      
2253.70   33.13     101.52    2042.67   708.672         -347.711        435758.446      6478215.933     0.99      
2294.10   33.06     98.75     2076.52   730.382         -351.592        435780.148      6478212.053     1.12      
2334.40   33.27     95.46     2110.25   752.252         -354.317        435802.011      6478209.330     1.35      
2374.80   33.48     93.92     2143.99   774.400         -356.133        435824.152      6478207.514     0.65      
2415.20   33.45     93.04     2177.69   796.636         -357.485        435846.380      6478206.162     0.36      
2455.60   33.33     91.93     2211.43   818.848         -358.449        435868.584      6478205.198     0.46      
2496.00   32.61     92.01     2245.32   840.821         -359.205        435890.549      6478204.443     0.54      
2536.30   31.90     90.38     2279.40   862.322         -359.657        435912.042      6478203.992     0.84      
2576.70   31.49     87.08     2313.78   883.535         -359.190        435933.249      6478204.458     1.32      
2617.10   31.21     84.61     2348.28   904.495         -357.669        435954.201      6478205.979     0.98      
2657.40   31.29     83.98     2382.74   925.298         -355.591        435974.996      6478208.056     0.25      
2697.80   31.42     85.86     2417.24   946.235         -353.730        435995.926      6478209.916     0.73      
2738.20   31.03     84.46     2451.78   967.102         -351.965        436016.786      6478211.681     0.61      
2775.50   30.68     81.14     2483.81   986.075         -349.571        436035.752      6478214.074     1.40      
2789.43   30.65     80.78     2495.79   993.091         -348.454        436042.766      6478215.190     0.40      
2829.57   30.89     78.69     2530.28   1013.295        -344.794        436062.963      6478218.849     0.82      
2866.88   30.86     77.50     2562.30   1032.029        -340.845        436081.690      6478222.797     0.49      
2904.41   31.20     77.01     2594.46   1050.898        -336.576        436100.553      6478227.064     0.34      
2913.31   31.86     76.70     2602.05   1055.430        -335.518        436105.083      6478228.122     2.29      
2927.67   32.38     76.45     2614.21   1062.856        -333.745        436112.507      6478229.894     1.12      
2954.56   34.03     71.62     2636.71   1077.000        -329.685        436126.646      6478233.953     3.48      
2995.22   36.51     61.44     2669.94   1098.443        -320.305        436148.081      6478243.330     4.70      
3036.42   36.77     55.01     2703.01   1119.318        -307.369        436168.949      6478256.261     2.80      
3076.71   37.73     48.33     2735.09   1138.414        -292.252        436188.038      6478271.373     3.09      
3117.15   37.11     43.61     2767.21   1156.075        -275.189        436205.694      6478288.430     2.18      
3157.49   35.73     34.79     2799.70   1171.201        -256.690        436220.814      6478306.922     4.02      
3197.04   34.20     28.91     2832.12   1183.168        -237.470        436232.776      6478326.136     2.81      
3236.87   31.59     21.36     2865.57   1192.384        -217.944        436241.990      6478345.655     3.66      
3253.79   30.18     19.04     2880.09   1195.386        -209.795        436244.991      6478353.801     3.27      
3278.34   28.32     16.57     2901.51   1199.060        -198.379        436248.664      6478365.213     2.71      
3318.98   30.91     22.37     2936.85   1205.785        -179.480        436255.386      6478384.105     2.85      
3359.21   34.92     27.52     2970.62   1215.043        -159.701        436264.641      6478403.877     3.64      
3398.47   40.44     30.90     3001.68   1226.785        -138.792        436276.378      6478424.780     4.50      
3439.55   44.73     31.42     3031.92   1241.169        -115.012        436290.758      6478448.551     3.14      
3479.32   47.93     28.18     3059.38   1255.441        -90.049         436305.025      6478473.506     2.99      
3520.35   50.65     26.17     3086.14   1269.633        -62.380         436319.212      6478501.164     2.28      
3559.87   53.98     23.14     3110.30   1282.658        -33.958         436332.232      6478529.577     3.11      
3601.65   54.71     22.31     3134.66   1295.771        -2.646          436345.341      6478560.878     0.71      
3642.07   54.84     22.15     3157.97   1308.263        27.919          436357.828      6478591.432     0.14      
3682.43   55.13     22.24     3181.13   1320.750        58.525          436370.311      6478622.027     0.22      
3722.88   53.47     22.04     3204.73   1333.130        88.950          436382.686      6478652.442     1.24      
3761.77   52.67     22.04     3228.10   1344.795        117.765         436394.348      6478681.247     0.62      
3792.00   52.67     22.04     3246.43   1353.816        140.046         436403.365      6478703.521     0.00      
