MD        Inc       Azim      TVD       X_Offset_EW  Y_Offset_NS  X_COORD         Y_COORD         DLS
m RKB     deg       deg       m RKB     m               m               m               m               deg/30m
145.90    0.00      0.00      145.90    -1.114          1.956           435048.907      6478565.478     0.00      
160.00    0.23      274.41    160.00    -1.142          1.958           435048.879      6478565.480     0.49      
170.00    0.26      272.78    170.00    -1.185          1.961           435048.836      6478565.483     0.09      
180.00    0.30      262.14    180.00    -1.234          1.958           435048.788      6478565.480     0.20      
190.00    0.22      267.67    190.00    -1.279          1.954           435048.743      6478565.476     0.25      
199.00    0.32      260.35    199.00    -1.321          1.949           435048.701      6478565.471     0.35      
208.00    0.31      226.78    208.00    -1.363          1.928           435048.658      6478565.450     0.61      
218.00    0.40      244.76    218.00    -1.415          1.894           435048.607      6478565.417     0.43      
229.00    0.25      249.93    229.00    -1.472          1.870           435048.549      6478565.392     0.42      
240.00    0.46      229.35    240.00    -1.528          1.833           435048.493      6478565.355     0.66      
250.00    0.24      304.09    250.00    -1.576          1.818           435048.446      6478565.341     1.38      
259.00    0.22      334.00    259.00    -1.599          1.845           435048.423      6478565.367     0.40      
270.00    0.06      63.36     270.00    -1.603          1.866           435048.418      6478565.388     0.62      
280.00    0.31      14.41     280.00    -1.592          1.895           435048.430      6478565.417     0.82      
289.00    0.33      42.81     289.00    -1.568          1.937           435048.453      6478565.460     0.53      
296.00    0.22      272.12    296.00    -1.568          1.953           435048.454      6478565.475     2.15      
305.00    0.26      296.43    305.00    -1.603          1.962           435048.418      6478565.485     0.36      
317.00    0.24      247.57    317.00    -1.651          1.965           435048.371      6478565.487     0.52      
349.63    0.44      280.87    349.63    -1.837          1.962           435048.184      6478565.485     0.25      
359.37    0.42      300.40    359.37    -1.905          1.987           435048.117      6478565.510     0.45      
368.26    0.39      302.91    368.26    -1.958          2.020           435048.063      6478565.543     0.12      
387.94    0.60      271.39    387.94    -2.117          2.059           435047.904      6478565.582     0.51      
408.58    0.40      289.90    408.58    -2.293          2.086           435047.729      6478565.609     0.37      
437.44    0.63      262.49    437.43    -2.545          2.100           435047.477      6478565.622     0.34      
465.09    0.58      263.80    465.08    -2.835          2.065           435047.187      6478565.587     0.06      
489.12    2.21      273.05    489.11    -3.419          2.076           435046.603      6478565.599     2.05      
516.00    2.54      280.07    515.96    -4.523          2.208           435045.500      6478565.730     0.49      
545.92    2.89      264.68    545.85    -5.926          2.254           435044.097      6478565.776     0.81      
569.26    3.78      268.37    569.15    -7.281          2.178           435042.742      6478565.700     1.18      
609.63    5.24      263.11    609.39    -10.442         1.919           435039.583      6478565.441     1.13      
650.56    7.38      259.43    650.07    -14.882         1.212           435035.144      6478564.735     1.60      
690.34    9.04      261.55    689.44    -20.485         0.284           435029.543      6478563.807     1.27      
730.15    8.46      260.24    728.79    -26.465         -0.672          435023.565      6478562.852     0.46      
770.78    9.53      256.89    768.92    -32.686         -1.941          435017.346      6478561.582     0.88      
809.78    9.32      258.24    807.39    -38.922         -3.317          435011.112      6478560.207     0.23      
851.55    9.22      259.74    848.62    -45.526         -4.603          435004.510      6478558.922     0.19      
890.69    8.60      264.09    887.29    -51.523         -5.462          434998.516      6478558.062     0.70      
962.41    8.30      261.78    958.23    -61.980         -6.755          434988.062      6478556.771     0.19      
1005.41   8.53      262.86    1000.77   -68.216         -7.595          434981.828      6478555.931     0.19      
1043.96   8.66      263.46    1038.88   -73.937         -8.281          434976.110      6478555.245     0.12      
1083.00   8.66      263.46    1077.48   -79.777         -8.950          434970.272      6478554.576     0.00      
