MD        Inc       Azim      TVD       X_Offset_EW  Y_Offset_NS  X_COORD         Y_COORD         DLS
m RKB     deg       deg       m RKB     m               m               m               m               deg/30m
145.90    0.00      0.00      145.90    1.114           -1.956          435051.135      6478561.568     0.00      
218.50    0.26      197.21    218.50    1.065           -2.113          435051.086      6478561.411     0.11      
259.00    0.18      255.31    259.00    0.977           -2.217          435050.997      6478561.307     0.17      
299.50    0.35      240.89    299.50    0.807           -2.293          435050.828      6478561.231     0.13      
340.00    0.44      34.96     340.00    0.788           -2.226          435050.809      6478561.298     0.57      
394.30    0.35      344.16    394.30    0.862           -1.896          435050.883      6478561.628     0.19      
420.40    0.35      352.69    420.40    0.830           -1.740          435050.851      6478561.784     0.06      
454.90    4.66      197.74    454.86    0.390           -2.971          435050.411      6478560.553     4.33      
497.70    8.93      199.58    497.35    -1.254          -7.759          435048.767      6478555.767     3.00      
537.60    14.03     193.34    536.44    -3.409          -15.388         435046.613      6478548.141     3.94      
565.68    17.50     186.45    563.46    -4.669          -22.898         435045.353      6478540.633     4.21      
604.93    21.91     183.39    600.41    -5.766          -36.079         435044.257      6478527.457     3.46      
686.26    28.66     182.17    673.90    -7.404          -70.756         435042.620      6478492.791     2.50      
727.00    30.48     183.06    709.34    -8.325          -90.838         435041.699      6478472.716     1.38      
767.66    33.77     185.48    743.77    -9.955          -112.392        435040.069      6478451.170     2.61      
807.83    37.83     187.45    776.34    -12.620         -135.730        435037.405      6478427.840     3.15      
847.97    41.28     189.89    807.29    -16.492         -160.989        435033.535      6478402.590     2.83      
888.00    46.52     189.17    836.12    -21.077         -188.354        435028.951      6478375.234     3.94      
928.41    50.33     189.21    862.93    -25.905         -218.191        435024.125      6478345.408     2.83      
968.13    54.27     190.58    887.22    -31.314         -249.142        435018.718      6478314.468     3.09      
1059.44   59.07     191.08    937.37    -45.653         -324.050        435004.383      6478239.586     1.58      
1140.67   58.96     190.82    979.19    -58.882         -392.421        434991.160      6478171.239     0.09      
1181.03   58.83     190.55    1000.04   -65.289         -426.379        434984.755      6478137.293     0.20      
1206.00   58.83     190.55    1012.97   -69.201         -447.383        434980.844      6478116.296     0.00      
