MD        Inc       Azim      TVD       X_Offset_EW  Y_Offset_NS  X_COORD         Y_COORD         DLS
m RKB     deg       deg       m RKB     m               m               m               m               deg/30m
145.90    0.00      0.00      145.90    1.114           -1.956          435051.135      6478561.568     0.00      
218.50    0.26      197.21    218.50    1.065           -2.113          435051.086      6478561.411     0.11      
259.00    0.18      255.31    259.00    0.977           -2.217          435050.997      6478561.307     0.17      
299.50    0.35      240.89    299.50    0.807           -2.293          435050.828      6478561.231     0.13      
340.00    0.44      34.96     340.00    0.788           -2.226          435050.809      6478561.298     0.57      
394.30    0.35      344.16    394.30    0.862           -1.896          435050.883      6478561.628     0.19      
420.40    0.35      352.69    420.40    0.830           -1.740          435050.851      6478561.784     0.06      
460.60    0.35      35.05     460.60    0.885           -1.517          435050.906      6478562.006     0.19      
500.80    0.35      36.99     500.80    1.030           -1.319          435051.050      6478562.205     0.01      
540.90    2.90      101.32    540.88    2.098           -1.420          435052.118      6478562.103     2.07      
580.40    3.87      101.23    580.31    4.386           -1.876          435054.405      6478561.648     0.74      
620.80    5.63      104.05    620.57    7.645           -2.623          435057.664      6478560.901     1.32      
661.50    7.13      89.02     661.02    12.108          -3.064          435062.125      6478560.460     1.65      
701.80    8.71      83.48     700.93    17.641          -2.675          435067.656      6478560.849     1.30      
742.20    11.70     82.34     740.69    24.742          -1.781          435074.754      6478561.742     2.23      
782.60    11.17     79.17     780.29    32.645          -0.500          435082.654      6478563.023     0.61      
823.00    11.44     73.46     819.90    40.329          1.376           435090.336      6478564.898     0.85      
863.30    11.61     68.27     859.39    47.928          4.015           435097.932      6478567.537     0.78      
902.60    10.03     74.43     897.99    54.899          6.398           435104.900      6478569.919     1.49      
968.02    9.52      74.93     962.46    65.611          9.334           435115.609      6478572.854     0.24      
1008.50   9.41      75.46     1002.39   72.046          11.035          435122.042      6478574.554     0.10      
1048.86   9.61      76.13     1042.20   78.510          12.671          435128.504      6478576.189     0.17      
1083.00   9.61      76.13     1075.86   84.044          14.037          435134.035      6478577.555     0.00      
