MD        Inc       Azim      TVD       X_Offset_EW  Y_Offset_NS  X_COORD         Y_COORD         DLS
m RKB     deg       deg       m RKB     m               m               m               m               deg/30m
145.90    0.00      0.00      145.90    1.114           -1.956          435051.135      6478561.568     0.00      
218.50    0.26      197.21    218.50    1.065           -2.113          435051.086      6478561.411     0.11      
259.00    0.18      255.31    259.00    0.977           -2.217          435050.997      6478561.307     0.17      
299.50    0.35      240.89    299.50    0.807           -2.293          435050.828      6478561.231     0.13      
340.00    0.44      34.96     340.00    0.788           -2.226          435050.809      6478561.298     0.57      
394.30    0.35      344.16    394.30    0.862           -1.896          435050.883      6478561.628     0.19      
420.40    0.35      352.69    420.40    0.830           -1.740          435050.851      6478561.784     0.06      
426.40    0.66      189.63    426.40    0.822           -1.756          435050.843      6478561.768     5.00      
450.00    3.06      189.92    449.98    0.691           -2.510          435050.712      6478561.014     3.05      
480.00    6.11      189.96    479.88    0.277           -4.872          435050.297      6478558.653     3.05      
510.00    9.16      189.98    509.61    -0.413          -8.798          435049.608      6478554.728     3.05      
540.00    12.21     189.98    539.09    -1.378          -14.276         435048.644      6478549.252     3.05      
570.00    15.26     189.99    568.23    -2.613          -21.292         435047.409      6478542.239     3.05      
600.00    18.31     189.99    596.95    -4.116          -29.824         435045.907      6478533.709     3.05      
630.00    21.36     189.99    625.16    -5.882          -39.850         435044.141      6478523.687     3.05      
660.00    24.41     189.99    652.80    -7.906          -51.340         435042.117      6478512.201     3.05      
690.00    27.47     189.99    679.77    -10.183         -64.262         435039.841      6478499.283     3.05      
720.00    30.52     190.00    706.01    -12.707         -78.580         435037.318      6478484.970     3.05      
750.00    33.57     190.00    731.44    -15.469         -94.253         435034.557      6478469.303     3.05      
780.00    36.62     190.00    755.98    -18.463         -111.236        435031.564      6478452.326     3.05      
810.00    39.67     190.00    779.57    -21.679         -129.481        435028.349      6478434.087     3.05      
840.00    42.72     190.00    802.14    -25.109         -148.937        435024.921      6478414.638     3.05      
870.00    45.77     190.00    823.63    -28.743         -169.549        435021.288      6478394.034     3.05      
900.00    48.82     190.00    843.98    -32.570         -191.257        435017.462      6478372.333     3.05      
930.00    51.87     190.00    863.12    -36.580         -214.001        435013.453      6478349.597     3.05      
960.00    54.92     190.00    881.00    -40.762         -237.716        435009.273      6478325.890     3.05      
970.60    56.00     190.00    887.01    -42.278         -246.314        435007.758      6478317.294     3.05      
990.00    56.00     190.00    897.86    -45.071         -262.153        435004.966      6478301.461     0.00      
1020.00   56.00     190.00    914.64    -49.390         -286.647        435000.649      6478276.976     0.00      
1050.00   56.00     190.00    931.41    -53.708         -311.140        434996.331      6478252.491     0.00      
1080.00   56.00     190.00    948.19    -58.027         -335.633        434992.014      6478228.007     0.00      
1110.00   56.00     190.00    964.97    -62.346         -360.126        434987.697      6478203.522     0.00      
1140.00   56.00     190.00    981.74    -66.665         -384.620        434983.379      6478179.037     0.00      
1170.00   56.00     190.00    998.52    -70.984         -409.113        434979.062      6478154.552     0.00      
1200.00   56.00     190.00    1015.29   -75.303         -433.606        434974.745      6478130.068     0.00      
1206.00   56.00     190.00    1018.65   -76.166         -438.505        434973.881      6478125.171     0.00      
